455.01194449924 1
455.63026994208246 0
456.24859538492495 0
456.86692082776744 0
457.48524627060993 1
458.1035717134524 0
458.7218971562949 1
459.3402225991374 1
459.9585480419799 0
460.5768734848224 3
461.1951989276649 2
461.81352437050737 5
462.43184981334986 8
463.05017525619235 8
463.66850069903484 12
464.2868261418773 15
464.9051515847198 15
465.5234770275623 14
466.1418024704048 16
466.7601279132473 19
467.3784533560898 30
467.99677879893227 15
468.61510424177476 16
469.23342968461725 27
469.85175512745974 30
470.47008057030223 27
471.0884060131447 33
471.7067314559872 26
472.3250568988297 21
472.9433823416722 23
473.5617077845147 21
474.18003322735717 20
474.79835867019966 28
475.41668411304215 39
476.03500955588464 35
476.65333499872713 52
477.2716604415696 52
477.8899858844121 71
478.5083113272546 68
479.1266367700971 92
479.7449622129396 104
480.3632876557821 128
480.98161309862456 137
481.59993854146705 149
482.21826398430954 151
482.83658942715203 170
483.4549148699945 162
484.073240312837 228
484.69156575567956 243
485.309891198522 248
485.92821664136454 218
486.546542084207 261
487.1648675270495 299
487.78319296989196 294
488.4015184127345 274
489.01984385557694 272
489.6381692984195 277
490.2564947412619 306
490.87482018410446 324
491.49314562694695 271
492.11147106978945 308
492.72979651263194 291
493.3481219554744 249
493.9664473983169 214
494.5847728411594 246
495.2030982840019 224
495.8214237268444 220
496.4397491696869 197
497.05807461252937 181
497.67640005537186 173
498.29472549821435 148
498.91305094105684 145
499.5313763838993 122
500.1497018267418 110
500.7680272695843 94
501.3863527124268 72
502.0046781552693 90
502.6230035981118 71
503.24132904095427 64
503.85965448379676 54
504.47797992663925 43
505.09630536948174 40
505.71463081232423 41
506.3329562551667 36
506.9512816980092 25
507.5696071408517 25
508.1879325836942 17
508.8062580265367 10
509.4245834693792 12
510.04290891222166 8
510.66123435506415 3
511.27955979790664 4
511.89788524074913 3
512.5162106835916 2
513.1345361264341 5
513.7528615692765 0
514.3711870121191 3
514.9895124549616 0
515.6078378978041 2
516.2261633406465 1
