5.995016634464264 0.0 1.0 0.0
10.995016634464264 2.1691653020156989e-156 0.2189477624521063 19.06578947368421
15.995016634464264 0.0 0.32899298411755784 68.98026315789474
20.995016634464264 0.0 0.3506848199753332 90.73684210526316
25.995016634464264 9.600268751328602e-164 0.22626168585280407 98.15131578947368
30.995016634464264 3.0288669687230135e-188 0.2400279572175691 98.88157894736842
35.995016634464264 8.456285726845115e-77 0.15298704504994218 98.84868421052632
40.995016634464264 1.598076413362939e-15 0.06463810224463803 99.5657894736842
45.995016634464264 2.312537282238641e-36 0.10214127865735396 98.53289473684211
50.995016634464264 1.0 0.0 99.96710526315789
55.995016634464264 1.0 0.0 100.0
60.995016634464264 1.0 0.0 100.0
65.99501663446426 1.0 0.0 100.0
70.99501663446426 1.0 0.0 100.0
75.99501663446426 1.0 0.0 100.0
80.99501663446426 1.0 0.0 100.0
