740
5722
5871
5872
5873
5882
5883
5884
5885
5886
5887
5888
5889
5890
5891
5892
5893
5896
5910
5911
5912
5913
5914
5915
5916
5917
5918
5919
6031
6033
6034
6035
6036
6044
6045
6046
6050
6051
6052
6053
6054
6056
6060
6061
6062
6288
6289
6290
6291
6292
6293
6294
6295
6296
6297
6298
6299
6300
6301
6302
6303
6304
6305
6307
6309
6310
6311
6312
6313
6314
6315
6316
6317
6318
6330
6331
6332
18760
18772
18774
18775
18778
18779
18780
18781
18782
18791
18792
18805
18806
18807
18808
18809
18810
18811
18816
18817
18818
18819
18820
18821
18822
18833
18839
18840
18843
18844
18845
18846
18847
18848
18849
18850
18851
18852
18853
18854
18855
18856
18857
18858
18859
18860
18861
18862
18863
18864
