1327.4209688336516 1
1328.084126237355 1
1328.7472836410584 1
1329.4104410447617 4
1330.0735984484652 3
1330.7367558521685 4
1331.3999132558718 10
1332.0630706595753 14
1332.7262280632785 17
1333.389385466982 28
1334.0525428706853 44
1334.7157002743886 31
1335.3788576780921 56
1336.0420150817954 47
1336.705172485499 79
1337.3683298892022 96
1338.0314872929055 103
1338.694644696609 112
1339.3578021003123 128
1340.0209595040158 132
1340.684116907719 143
1341.3472743114223 135
1342.0104317151258 162
1342.673589118829 183
1343.3367465225326 190
1343.999903926236 195
1344.6630613299392 233
1345.3262187336427 219
1345.989376137346 222
1346.6525335410495 226
1347.3156909447528 232
1347.978848348456 242
1348.6420057521595 238
1349.3051631558628 270
1349.9683205595663 257
1350.6314779632696 282
1351.294635366973 294
1351.9577927706764 289
1352.6209501743797 299
1353.2841075780832 303
1353.9472649817865 305
1354.6104223854898 306
1355.2735797891933 292
1355.9367371928965 273
1356.5998945966 322
1357.2630520003033 270
1357.9262094040066 280
1358.5893668077101 262
1359.2525242114134 239
1359.915681615117 252
1360.5788390188202 260
1361.2419964225235 281
1361.905153826227 229
1362.5683112299303 247
1363.2314686336338 214
1363.894626037337 224
1364.5577834410403 188
1365.2209408447438 161
1365.8840982484471 155
1366.5472556521506 147
1367.210413055854 133
1367.8735704595572 124
1368.5367278632607 93
1369.199885266964 86
1369.8630426706675 83
1370.5262000743708 78
1371.189357478074 68
1371.8525148817776 52
1372.5156722854808 52
1373.1788296891843 39
1373.8419870928876 31
1374.505144496591 22
1375.1683019002944 26
1375.8314593039977 28
1376.4946167077012 19
1377.1577741114045 13
1377.8209315151078 19
1378.4840889188113 21
1379.1472463225145 13
1379.810403726218 15
1380.4735611299213 16
1381.1367185336246 11
1381.7998759373281 15
1382.4630333410314 7
1383.126190744735 10
1383.7893481484382 7
1384.4525055521415 4
1385.115662955845 7
1385.7788203595483 9
1386.4419777632518 4
1387.105135166955 6
1387.7682925706583 3
1388.4314499743618 2
1389.0946073780651 2
1389.7577647817686 1
1390.420922185472 1
1391.0840795891752 2
1391.7472369928787 1
1392.410394396582 0
1393.0735518002855 1
