3.150730848312378 0.0 1.0 0.0
5.150730848312378 0.0 1.0 0.0
7.150730848312378 0.0 1.0 0.0
9.150730848312378 0.0 1.0 0.0
11.150730848312378 2.057893040486829e-125 0.17136836140388956 5.512807532651615
13.150730848312378 2.2498343613067056e-164 0.19755106333908032 7.922446086868482
15.150730848312378 0.0 0.3096499858485708 21.347575174648174
17.150730848312378 0.0 0.3750922939735335 36.90898045965374
19.150730848312378 0.0 0.5996794033341166 75.15946137491142
21.150730848312378 0.0 0.5921623000024163 88.20492052242584
23.150730848312378 0.0 0.4812965042385264 93.01913536498937
25.150730848312378 0.0 0.2852566864842031 95.10478890351321
27.150730848312378 7.263132874578436e-280 0.2585840224395369 98.9976713576997
29.150730848312378 2.926162624989658e-282 0.2586072882478237 99.50896021059026
31.150730848312378 2.128147226231927e-172 0.20224781516752394 99.41277715905639
33.15073084831238 3.040089897563764e-201 0.21764290337576786 99.15966386554622
35.15073084831238 1.042199620019666e-198 0.21483657737363288 96.30960818062165
37.15073084831238 2.1447472561161213e-146 0.18428005203579204 99.49377341297965
39.15073084831238 6.199095083604635e-145 0.18239271336580584 99.88863015085552
41.15073084831238 6.3356878305815485e-06 0.03481144653914478 99.92406601194695
43.15073084831238 4.6128248554176565e-05 0.02898936910908219 100.0
45.15073084831238 0.047174965940085314 0.014121246411494927 100.0
47.15073084831238 1.7311339347003192e-60 0.1167283789033594 100.0
49.15073084831238 1.0 0.0 99.9898754682596
51.15073084831238 1.0 0.0 100.0
53.15073084831238 1.0 0.0 100.0
55.15073084831238 1.0 0.0 100.0
57.15073084831238 1.0 0.0 100.0
59.15073084831238 1.0 0.0 100.0
61.15073084831238 1.0 0.0 100.0
63.15073084831238 1.0 0.0 100.0
