1327.577944179083 1
1328.2675801358776 1
1328.957216092672 0
1329.6468520494666 3
1330.336488006261 5
1331.0261239630556 5
1331.7157599198501 11
1332.4053958766447 9
1333.0950318334392 16
1333.7846677902337 23
1334.4743037470282 33
1335.1639397038227 33
1335.8535756606173 48
1336.5432116174118 57
1337.2328475742063 70
1337.9224835310008 64
1338.6121194877953 91
1339.30175544459 80
1339.9913914013846 105
1340.681027358179 101
1341.3706633149736 124
1342.0602992717681 126
1342.7499352285627 127
1343.4395711853572 124
1344.1292071421517 172
1344.8188430989462 158
1345.5084790557407 144
1346.1981150125353 168
1346.8877509693298 171
1347.5773869261243 180
1348.2670228829188 186
1348.9566588397133 192
1349.6462947965078 210
1350.3359307533024 189
1351.0255667100969 206
1351.7152026668914 202
1352.404838623686 206
1353.0944745804804 201
1353.784110537275 187
1354.4737464940695 178
1355.163382450864 204
1355.8530184076585 201
1356.542654364453 208
1357.2322903212475 185
1357.921926278042 178
1358.6115622348366 189
1359.301198191631 178
1359.9908341484256 194
1360.6804701052201 176
1361.3701060620147 155
1362.0597420188092 140
1362.749377975604 138
1363.4390139323984 146
1364.128649889193 148
1364.8182858459875 127
1365.507921802782 109
1366.1975577595765 96
1366.887193716371 103
1367.5768296731655 86
1368.26646562996 96
1368.9561015867546 73
1369.645737543549 90
1370.3353735003436 59
1371.0250094571381 68
1371.7146454139327 49
1372.4042813707272 50
1373.0939173275217 43
1373.7835532843162 47
1374.4731892411107 32
1375.1628251979052 39
1375.8524611546998 28
1376.5420971114943 26
1377.2317330682888 18
1377.9213690250833 29
1378.6110049818778 32
1379.3006409386724 21
1379.9902768954669 18
1380.6799128522614 19
1381.369548809056 19
1382.0591847658504 26
1382.748820722645 21
1383.4384566794395 20
1384.128092636234 25
1384.8177285930285 17
1385.5073645498233 10
1386.1970005066178 15
1386.8866364634123 7
1387.5762724202068 5
1388.2659083770013 5
1388.9555443337958 4
1389.6451802905904 5
1390.3348162473849 3
1391.0244522041794 3
1391.714088160974 3
1392.4037241177684 0
1393.093360074563 1
1393.7829960313575 1
1394.472631988152 0
1395.1622679449465 0
1395.851903901741 3
