460.524883953248 4
461.15848565129994 2
461.7920873493519 6
462.42568904740386 5
463.0592907454558 6
463.6928924435078 3
464.32649414155975 5
464.9600958396117 10
465.5936975376637 11
466.22729923571563 10
466.8609009337676 15
467.49450263181956 10
468.1281043298715 21
468.7617060279235 16
469.39530772597544 20
470.0289094240274 15
470.66251112207937 25
471.29611282013127 25
471.92971451818323 34
472.5633162162352 31
473.19691791428716 31
473.8305196123391 39
474.4641213103911 45
475.09772300844304 55
475.731324706495 33
476.36492640454696 51
476.9985281025989 53
477.6321298006509 59
478.26573149870285 70
478.8993331967548 70
479.5329348948068 96
480.16653659285873 78
480.8001382909107 93
481.43373998896266 114
482.0673416870146 115
482.7009433850666 116
483.33454508311854 135
483.9681467811705 141
484.60174847922246 150
485.2353501772744 148
485.8689518753264 182
486.50255357337835 154
487.1361552714303 171
487.7697569694823 164
488.40335866753423 192
489.0369603655862 200
489.67056206363816 200
490.3041637616901 188
490.9377654597421 185
491.57136715779404 178
492.204968855846 194
492.83857055389797 171
493.4721722519499 191
494.1057739500019 171
494.7393756480538 151
495.37297734610576 162
496.0065790441577 129
496.6401807422097 136
497.27378244026164 139
497.9073841383136 104
498.54098583636556 130
499.1745875344175 101
499.8081892324695 88
500.44179093052145 115
501.0753926285734 66
501.7089943266254 65
502.34259602467733 70
502.9761977227293 46
503.60979942078126 42
504.2434011188332 30
504.8770028168852 34
505.51060451493714 35
506.1442062129891 32
506.77780791104107 22
507.411409609093 16
508.045011307145 15
508.67861300519695 16
509.3122147032489 8
509.9458164013009 5
510.57941809935284 2
511.2130197974048 4
511.84662149545676 3
512.4802231935087 1
513.1138248915606 1
513.7474265896126 2
514.3810282876645 1
515.0146299857165 2
515.6482316837685 1
516.2818333818204 0
516.9154350798724 1
517.5490367779244 0
518.1826384759763 1
518.8162401740283 0
519.4498418720802 0
520.0834435701322 0
520.7170452681842 0
521.3506469662361 0
521.9842486642881 0
522.61785036234 0
523.251452060392 1
