342.2900993304964 2
342.68983490006514 1
343.0895704696338 7
343.4893060392026 9
343.88904160877127 8
344.28877717834 8
344.68851274790876 18
345.08824831747745 20
345.4879838870462 28
345.88771945661495 26
346.28745502618364 35
346.6871905957524 43
347.0869261653211 73
347.4866617348898 73
347.88639730445857 84
348.28613287402726 87
348.685868443596 103
349.08560401316475 111
349.48533958273345 138
349.8850751523022 129
350.2848107218709 139
350.68454629143963 172
351.0842818610084 150
351.48401743057707 193
351.8837530001458 216
352.28348856971456 207
352.68322413928325 223
353.082959708852 237
353.4826952784207 248
353.88243084798944 271
354.2821664175582 238
354.6819019871269 292
355.0816375566956 256
355.4813731262643 290
355.88110869583306 293
356.2808442654018 335
356.6805798349705 338
357.08031540453925 323
357.480050974108 296
357.8797865436767 329
358.27952211324543 327
358.6792576828141 345
359.0789932523829 369
359.4787288219516 326
359.8784643915203 339
360.27819996108906 387
360.6779355306578 348
361.0776711002265 341
361.47740666979524 355
361.87714223936393 344
362.2768778089327 298
362.67661337850143 315
363.0763489480701 314
363.47608451763887 283
363.87582008720756 285
364.2755556567763 269
364.67529122634505 276
365.07502679591374 243
365.4747623654825 237
365.87449793505124 210
366.27423350461993 211
366.6739690741887 155
367.07370464375737 180
367.4734402133261 153
367.87317578289486 143
368.27291135246355 124
368.6726469220323 121
369.07238249160105 92
369.47211806116974 100
369.8718536307385 89
370.2715892003072 79
370.6713247698759 64
371.07106033944467 52
371.47079590901336 56
371.8705314785821 44
372.2702670481508 21
372.67000261771955 31
373.0697381872883 37
373.469473756857 20
373.86920932642573 28
374.2689448959945 7
374.66868046556317 10
375.0684160351319 7
375.46815160470067 7
375.86788717426936 4
376.2676227438381 6
376.6673583134068 6
377.06709388297554 4
377.4668294525443 1
377.866565022113 3
378.2663005916817 3
378.6660361612504 4
379.06577173081916 0
379.4655073003879 1
379.8652428699566 1
380.26497843952535 0
380.66471400909404 0
381.0644495786628 0
381.46418514823154 1
381.8639207178002 1
