343.11276164985065 2
343.5265013257494 2
343.9402410016481 1
344.3539806775468 2
344.76772035344555 7
345.1814600293443 14
345.595199705243 16
346.0089393811417 15
346.42267905704045 17
346.8364187329392 14
347.2501584088379 28
347.6638980847366 32
348.07763776063535 44
348.4913774365341 46
348.9051171124328 38
349.3188567883315 67
349.73259646423026 56
350.146336140129 68
350.5600758160277 70
350.9738154919264 85
351.38755516782516 95
351.8012948437239 90
352.2150345196226 75
352.6287741955213 81
353.04251387142006 89
353.45625354731874 120
353.8699932232175 123
354.2837328991162 121
354.69747257501496 123
355.11121225091364 119
355.5249519268124 165
355.9386916027111 142
356.35243127860986 174
356.76617095450854 179
357.1799106304073 157
357.593650306306 178
358.00738998220476 190
358.42112965810344 173
358.8348693340022 175
359.2486090099009 192
359.66234868579966 177
360.07608836169834 201
360.4898280375971 192
360.9035677134958 185
361.31730738939456 194
361.73104706529324 186
362.144786741192 215
362.5585264170907 200
362.97226609298946 189
363.38600576888814 180
363.7997454447869 164
364.2134851206856 189
364.6272247965843 191
365.04096447248304 148
365.4547041483818 165
365.8684438242805 173
366.2821835001792 151
366.69592317607794 126
367.1096628519767 105
367.5234025278754 97
367.9371422037741 87
368.35088187967284 96
368.7646215555716 80
369.1783612314703 53
369.592100907369 74
370.00584058326774 44
370.4195802591665 49
370.8333199350652 40
371.2470596109639 32
371.66079928686264 29
372.0745389627614 27
372.4882786386601 21
372.9020183145588 13
373.31575799045754 20
373.7294976663563 9
374.143237342255 9
374.5569770181537 12
374.97071669405244 3
375.3844563699512 6
375.79819604584986 8
376.2119357217486 5
376.62567539764734 3
377.0394150735461 2
377.4531547494448 3
377.8668944253435 6
378.28063410124224 1
378.694373777141 0
379.10811345303966 2
379.5218531289384 2
379.93559280483714 0
380.3493324807359 1
380.76307215663456 3
381.1768118325333 0
381.59055150843204 2
382.0042911843308 0
382.41803086022946 2
382.8317705361282 0
383.24551021202694 0
383.6592498879256 0
384.07298956382436 1
