6.14570152759552 0.0 1.0 0.0
11.14570152759552 0.0 1.0 0.0
16.14570152759552 1.0 0.0 3.1313410809813687
21.14570152759552 0.0 0.4180624015758816 29.321158457849105
26.14570152759552 0.0 0.5267458079516415 55.13742851872348
31.14570152759552 0.0 0.37951191439729504 61.70448256779192
36.14570152759552 0.0 0.46804441652285295 85.59767570558938
41.14570152759552 0.0 0.5788227176365046 92.68123962368567
46.14570152759552 0.0 0.4240426073649909 96.27836192584394
51.14570152759552 0.0 0.3106726161768774 99.50654860726803
56.14570152759552 2.639724548736075e-134 0.1692478550170062 99.97232982844494
61.14570152759552 1.3764698904812995e-36 0.08579479202375956 99.90776609481645
66.14570152759552 1.0 0.0 99.97232982844494
71.14570152759552 1.0 0.0 100.0
76.14570152759552 1.0 0.0 100.0
81.14570152759552 1.0 0.0 100.0
86.14570152759552 1.0 0.0 100.0
91.14570152759552 1.0 0.0 100.0
