# Created by create_gmm.py, IMP.isd version 2.13.0
# data_fn: emd_22904.mrc
# ncenters: 40
# covar_type: 'full'
# apix: 1.0
# num_samples: 1000000
# num_iter: 10000000
# threshold: 0.294
# force_radii: -1.0
# force_weight: -1.0
# force_weight_frac: False
# use_dirichlet: False
# multiply_by_mass: False
# chain: None
#|num|weight|mean|covariance matrix|
|0|0.015248697428110974|303.68895854018285 272.9737969537889 326.79902902814456|92.55893595659673 -17.03659840993694 -2.068095420748577 -17.03659840993695 144.25184057571596 -8.432188707725146 -2.0680954207485778 -8.432188707725153 178.6019015735365|
|1|0.01908316453335253|301.87699306187596 339.5004029107153 419.43779471214117|122.4784445228162 -24.917817905710635 -25.526660901440046 -24.917817905710635 144.30340106761787 -19.5320267576432 -25.526660901440046 -19.5320267576432 104.63308768797953|
|2|0.029361261091584125|271.68737762762623 323.03325344639376 250.5929486637924|76.17489152564846 -13.440843824024043 -9.904537627970313 -13.440843824024043 153.84987596087512 -41.716803442483325 -9.904537627970319 -41.7168034424833 180.66902312475858|
|3|0.019613423567119634|339.69343455446744 347.816727862094 277.21184032741553|74.83502096505376 -17.84952325337951 22.22445195679897 -17.849523253379505 67.28072328778973 -9.682785478016823 22.224451956798966 -9.682785478016823 137.25283305781878|
|4|0.029768402216736378|321.1234894253581 272.6194396992061 400.4389555877402|110.06319177854525 26.898903157628084 -35.24923766107257 26.898903157628077 92.31817998008232 22.633205756165694 -35.24923766107257 22.633205756165694 125.71468176240742|
|5|0.025911521571389536|330.2038561028542 293.77462614373076 376.49757840426736|118.72731750135831 20.806597512982464 -43.376593622522456 20.806597512982464 126.02930254168913 -29.256455487274515 -43.376593622522456 -29.256455487274515 163.1095975136347|
|6|0.02465145389356713|313.47403541587096 318.8868162073098 231.6847459030682|129.86874077822205 -40.98041916136431 8.60003923703897 -40.98041916136431 144.94875702371368 0.3970941545481814 8.600039237038972 0.3970941545481814 119.95073837165972|
|7|0.0256648696119843|278.16224791531374 313.1994727312917 404.67251008474693|96.80898796545054 -32.10666555129819 -17.175644056681435 -32.106665551298185 195.39787749437156 13.906795744788337 -17.175644056681435 13.906795744788342 96.91535967663216|
|8|0.01953817880948724|297.67529846628986 298.7870231231846 353.8155368312795|122.51445833214014 33.85775872281584 19.709597077168688 33.85775872281584 181.7670441540937 -32.16417389973236 19.709597077168688 -32.16417389973236 138.57672955715273|
|9|0.02503907931223982|296.31646116089564 249.7044374733488 267.88157801501103|83.9562453918316 -14.028487851886236 -16.568864435759313 -14.02848785188623 106.37958467444909 -71.6265640283786 -16.56886443575931 -71.6265640283786 152.57898936094855|
|10|0.024340423743411332|321.6136477548026 328.5314900072066 382.98486529918284|160.14164370766446 33.112866066288646 -60.76673196569179 33.112866066288646 155.9145248475688 -17.274913876119577 -60.76673196569178 -17.274913876119584 199.42639737731557|
|11|0.019173194846001433|315.51661444236356 352.37939935338045 290.87305451958395|107.84730073750804 14.410354726718321 31.19471823640809 14.410354726718314 72.12693061275934 -15.612131135694005 31.194718236408097 -15.612131135694005 144.6870437046924|
|12|0.016182458638591374|286.3821314806285 289.9126779937797 291.85634848131934|107.54820060680952 -22.52545161013675 69.11478406334324 -22.52545161013675 159.9324559024424 -3.5373747222558514 69.11478406334324 -3.5373747222558496 256.4355132137264|
|13|0.028579872089476446|314.1333630941621 352.42870601666186 357.858866902984|151.0737168660263 -57.982651169176386 -4.828589038689465 -57.98265116917638 124.17252632205164 41.36431945979258 -4.828589038689458 41.36431945979258 85.06977430616442|
|14|0.025252277812078942|283.19332941338996 334.983858925513 224.14107512652134|118.70602475590663 -16.20627711204463 -33.01088516627068 -16.206277112044624 134.1373902905275 20.49260008779211 -33.01088516627068 20.492600087792113 99.60584408006046|
|15|0.024088044732029603|322.770059632664 278.27718000327604 295.19814410039186|174.21567744750104 57.78220335872404 36.10936624043856 57.78220335872404 159.1797304172202 37.26773251546696 36.10936624043856 37.26773251546695 96.7130629264508|
|16|0.026835359550026534|279.926002267893 351.0420408985841 404.3156677608784|104.51775084063269 72.55849602610283 -2.828411620449053 72.55849602610283 141.08146631610936 -47.595236770381305 -2.8284116204490513 -47.59523677038129 138.35513857453088|
|17|0.027638090534274747|314.6219582741915 266.90523317424675 367.9869078184093|109.82651944139042 7.469611971936107 36.695981958393666 7.4696119719361 70.89378703744879 -9.050056139849609 36.695981958393666 -9.050056139849612 105.20720469470783|
|18|0.022890268797480472|314.87123428449115 281.2100722960608 239.40958735500237|160.48175800081015 26.63617602331849 24.958752357231695 26.63617602331849 116.51371082814418 -20.006590378322223 24.95875235723169 -20.006590378322223 102.37925282250782|
|19|0.02878057606253612|324.69606114656 259.680144508425 272.47380811010885|88.16844940830809 48.52740801368053 -3.640484082332417 48.52740801368053 129.7392744104043 -9.773785477046985 -3.6404840823324203 -9.773785477046985 115.8706216077762|
|20|0.02844859360177194|284.90197034791504 317.69560994918254 432.0373456559643|114.05515096472286 -13.634663613719155 30.452648847817546 -13.634663613719148 147.52967688193343 -21.74609735742191 30.45264884781754 -21.746097357421913 88.84800721609284|
|21|0.028758194010939018|294.15389396343426 275.18116831247517 388.47535281943505|72.4264190216555 -30.00072086612886 18.310096556467506 -30.00072086612886 126.5703797995119 -24.030698856038946 18.3100965564675 -24.03069885603895 140.1965782679273|
|22|0.021266055823003414|319.48201598925607 345.44314501015526 251.93911957518333|138.80994746279345 -54.73047640895567 -12.3653532004789 -54.730476408955674 134.33293594338323 21.047486628464707 -12.365353200478904 21.047486628464696 107.3745540418905|
|23|0.030535904763712818|306.46097416507007 248.81879653877684 296.2034818635601|115.37383148833146 19.712639600964504 5.255617159872903 19.712639600964515 77.08676973087378 29.868900496470474 5.255617159872905 29.868900496470463 110.78453938623574|
|24|0.025902061500424657|299.5123155097377 352.6854584954646 233.70314860195813|133.93898222068728 -24.805482841656435 -0.8574512772669145 -24.805482841656428 74.02276982581138 31.223891863244454 -0.857451277266911 31.223891863244454 93.62565086973379|
|25|0.01798416936602187|333.6337070866658 308.52417831369974 341.95920845835917|148.74281044253922 7.627719323072828 -15.885138652347443 7.627719323072828 65.1105189221808 -17.553398666721634 -15.885138652347464 -17.553398666721634 165.92790650172023|
|26|0.035753686747145824|283.3546336532761 353.47150507026754 255.32881283630027|160.74539462436786 39.54353161707039 37.168053087831325 39.543531617070386 72.93174394494368 -10.125760371739872 37.168053087831325 -10.125760371739869 133.43639635208126|
|27|0.026323189289893047|316.5229967993127 304.4428023572746 422.00713916053974|102.37144354428521 -6.654958968453926 -51.63114433829186 -6.654958968453922 147.39524847259324 11.454914792077524 -51.63114433829184 11.454914792077524 183.03394150302012|
|28|0.028939677004315705|283.43311359758604 264.395666201074 292.0655355587648|67.77231794424569 -26.864517318542738 39.949985495146834 -26.864517318542735 129.11736470798746 -11.604375533864001 39.94998549514683 -11.604375533864005 146.4376897704972|
|29|0.029078569424308014|337.92225194172363 308.39203916027896 260.58591719668937|120.02203771609928 29.44738209152523 1.5651422435707882 29.44738209152523 205.8450150269361 -16.17026438065297 1.56514224357079 -16.17026438065296 126.35399194934466|
|30|0.027830049376178573|293.6900043380064 288.58904382002584 420.4558379139938|115.52489460256577 -13.961890480304444 19.608817550484552 -13.961890480304447 101.1342779061983 30.620158023062025 19.608817550484552 30.620158023062025 117.48890474856644|
|31|0.025113876850310937|288.4534234197707 305.106787010558 227.2553080729291|130.2281628422303 -5.061373607591008 -43.688261819480886 -5.061373607591008 154.17720629734015 -23.750349957267275 -43.688261819480886 -23.750349957267275 113.65664946828358|
|32|0.026032696559610068|293.05580953171005 282.4413324377114 256.84524450741804|156.06144755068908 1.4020918982727437 21.75566191786012 1.4020918982727508 165.20723469014186 -6.434778332475869 21.75566191786013 -6.434778332475876 138.15628110756631|
|33|0.025920515749650135|285.31884707301447 344.4570348111759 376.7799528201123|78.96243430567247 -9.337727138233703 -34.554847798362395 -9.337727138233703 194.70271193820952 29.18714079985422 -34.5548477983624 29.187140799854223 100.84690230466056|
|34|0.03334680833377598|309.5306634477448 355.2059552509057 388.563328662482|119.54805741929061 -5.790848495111449 3.4520255703420393 -5.790848495111447 201.33415592478502 -44.316930052152365 3.4520255703420375 -44.31693005215238 132.52649879604775|
|35|0.019705611087910097|307.78941574397663 317.43531738161875 304.26216807199916|146.59208939044603 49.16183837385971 -82.62154282052269 49.1618383738597 157.34839843097237 -26.059985690970215 -82.62154282052268 -26.05998569097023 298.229867410536|
|36|0.019714457535432217|338.95755278810066 342.84744041077073 308.7498325689344|84.35272416901782 -16.35393644459242 -16.81978038042172 -16.35393644459242 113.79033215288646 -7.205369102999754 -16.819780380421726 -7.205369102999757 83.16916800177816|
|37|0.015227060985442586|328.0947520957647 279.76960964273917 339.07759420298044|82.9044839854486 -3.5966373650744714 36.253180590976214 -3.596637365074475 78.96508482281986 -32.803098013808025 36.25318059097622 -32.80309801380803 134.82075787472704|
|38|0.03112119103531515|296.58275021492483 327.16635085395717 268.54254505129444|198.7683810598862 -31.160654751009837 -16.70394020658837 -31.160654751009837 135.91477840687426 -15.192061137571429 -16.703940206588356 -15.192061137571446 197.0593440973666|
|39|0.025357012113349946|344.9349676188242 319.9871740863327 286.889292829177|135.61401882014442 25.98907914307664 -6.452346440371109 25.989079143076644 113.21612196712606 38.587082106943235 -6.452346440371123 38.587082106943235 108.39763085303754|
