#|num|weight|mean|covariance matrix|
|0|1103.7517194568334|318.3208043065896 259.5995856238124 338.6904560078047|9.236880854039763 3.4724098724857746 -4.357526692255606 3.4724098724857746 24.279535424793686 -14.673677810329997 -4.357526692255606 -14.673677810329997 23.724629003461366|
|1|858.0788871090392|343.5680174972625 276.1003007952372 327.8100741420051|9.950398373875597 -6.36008760436331 -0.11870609104943841 -6.360087604363311 20.15076493849906 -0.9609947568907383 -0.11870609104943802 -0.9609947568907381 5.6077007845939315|
|2|1104.0368138348374|346.9444798141496 251.70996389148445 325.209910398297|13.115475021985004 4.436075139752087 -2.479010368982256 4.436075139752085 18.120893342911025 0.879030663308423 -2.479010368982255 0.8790306633084223 10.02369649152356|
|3|667.2548294181069|317.2561155048021 276.6641451037238 310.15815388876257|11.20273352702861 -0.2298111851675846 -3.291775960842547 -0.2298111851675846 10.444709412837039 1.0611535576805773 -3.291775960842547 1.0611535576805773 5.329487115018068|
|4|932.7297517070198|333.9698272613331 282.1536902453672 326.407613234889|4.801525136401794 0.5552993763749483 8.219562527762942 0.5552993763749483 13.87345684261102 9.47642090783987 8.219562527762942 9.47642090783987 34.955683957991944|
|5|2121.1982394294882|338.24625363655605 263.18625270551263 327.93422374850826|30.414122191158373 -12.0602678331439 3.2994218133877284 -12.0602678331439 34.940076766465914 7.891003095539242 3.2994218133877284 7.891003095539241 19.47903868799863|
|6|1118.6289251193177|323.00526958268387 255.28928372246736 312.7046358322034|18.797541886517667 10.758942787667307 -12.181248377634724 10.758942787667307 20.867367171039255 -6.464514137933628 -12.18124837763472 -6.4645141379336275 14.792891577213885|
|7|608.8265783123547|344.3786412685709 257.6785123988971 316.52348232729145|7.613175938295677 4.419333830846316 -3.8815663020671827 4.419333830846316 17.26056479788771 -5.88875208000335 -3.881566302067182 -5.888752080003352 8.516319493860847|
|8|1016.1751415359229|319.5891299722035 250.93491609812833 324.6852207043986|11.314304838631596 -4.695557263911918 -5.500815395684487 -4.695557263911918 16.252439012532193 2.566386462050537 -5.500815395684487 2.5663864620505388 10.11453210072488|
|9|766.3823818423772|315.5856494959959 267.62054275361726 331.71177181262266|25.256668302613196 -1.2374099294648024 -4.8493656870272845 -1.237409929464802 6.046382909811542 3.644290280084154 -4.8493656870272845 3.644290280084154 8.271248795143084|
|10|987.3818433279383|326.7802478555685 281.0867590916114 312.22633062538694|13.129287509261784 -7.423790942907216 -7.652081971784088 -7.423790942907216 12.173366403812878 5.461005450709727 -7.652081971784087 5.46100545070973 13.164342743528259|
|11|1332.0315086766973|355.1762881277801 264.04679149762944 335.2305546294205|6.37388080204717 -4.854854263406015 -2.0124975041989304 -4.854854263406014 34.87917187959421 0.25792840622929025 -2.0124975041989304 0.25792840622929014 9.39675308801278|
|12|629.3779343218517|338.84600475090383 266.2942936606132 307.9451656506921|7.708036198443241 -5.79243185619217 -1.8283207947447577 -5.792431856192168 9.602511387473132 1.4715040920211586 -1.8283207947447577 1.4715040920211582 11.47596844269886|
|13|730.3642085208007|338.6877038654091 252.76897155811437 336.52720192339126|15.687259392529333 -7.963990625791649 5.2543081345904765 -7.963990625791649 10.322118712134849 -0.9041532879344247 5.2543081345904765 -0.9041532879344247 9.042314402967328|
|14|1992.238912087762|326.6885434227337 274.29602752842504 327.4108430011082|22.239933470271808 -6.351123201879435 12.32061103591693 -6.351123201879435 13.969200030264282 -7.662507995703638 12.320611035916931 -7.66250799570364 37.05284846003869|
|15|736.0515682421334|350.4373773217939 274.7972505930896 338.02621808794106|4.258029710633594 -0.10207040502568865 4.389841281770831 -0.10207040502568865 22.994220311931887 -2.6859618193204122 4.389841281770831 -2.6859618193204122 10.358728123363338|
|16|1384.702824777012|326.676744748729 257.0417035391883 334.2514208805684|18.974663167231878 5.114737739894265 -1.4759885879745571 5.114737739894265 18.29564351202559 4.668416078030706 -1.4759885879745545 4.668416078030707 16.176996426633707|
|17|1059.9369071849774|344.38702960881545 262.880077318313 339.04108249921705|9.582476243895384 -0.02242913901177146 6.9708616137540975 -0.02242913901177135 14.32827571622267 0.7740165581701045 6.970861613754097 0.7740165581701046 20.461381367677156|
|18|1595.435396285883|319.2873598144329 266.32565446873247 318.324876228847|17.36368276592937 12.400793548395367 -10.714087638440619 12.400793548395367 22.180769240502592 -4.386037359246368 -10.714087638440619 -4.386037359246368 25.719775288843646|
|19|970.2603168610615|308.8197354623059 250.4447389246518 340.2803536233821|10.168138785052527 -2.572057727285462 4.61924652011991 -2.5720577272854626 7.187696268448546 -2.002835882901994 4.61924652011991 -2.002835882901994 15.224366798955916|
|20|1301.332230400412|332.07462840932055 250.58399483336171 323.62098940713855|20.91242232485532 -7.874123737859186 6.635896005168749 -7.874123737859186 8.836928717799399 0.574518257146349 6.635896005168748 0.5745182571463499 25.381803983356203|
|21|517.4377274642014|357.8733269205045 256.0087089244565 327.9044891216549|14.936119734378408 -5.5843265474588195 -1.965781956232755 -5.584326547458818 12.299337428267513 -4.246784402296208 -1.9657819562327556 -4.246784402296208 6.266979180434281|
|22|1194.766589329775|330.4169629372467 260.2975820116479 320.67110198726465|21.638921187975335 -1.1119166916620689 -5.900415502869071 -1.1119166916620675 13.926944734268428 4.468582180451207 -5.90041550286907 4.468582180451206 20.026794483115687|
|23|856.9719288337096|313.2014110095404 257.981455505906 329.2093542251509|13.216918500669463 4.666591844094951 -9.387620845297121 4.666591844094951 6.095006527155407 -4.142765610004413 -9.387620845297121 -4.142765610004414 37.982200017536925|
|24|1094.15767980274|350.14543491519413 266.42035868843254 324.4646311154387|8.380302345753817 -12.005869521139111 4.224017180414615 -12.00586952113911 35.510590983790394 -1.3160895930944885 4.224017180414616 -1.3160895930944871 12.85672139750918|
|25|959.3983944724946|348.165459416779 251.44129872278467 336.5496875368565|6.693640036932005 2.617930030146856 0.943919055341877 2.617930030146856 15.102335496844363 5.147134860826311 0.9439190553418761 5.147134860826311 13.794959007719665|
|26|1321.7588363029643|340.43269528299237 277.57504873146326 337.1955706779807|18.78110863277548 -1.2532354762004685 4.937473022656691 -1.2532354762004685 17.71419973478261 -1.6608204215660471 4.937473022656691 -1.6608204215660476 8.36026549711081|
|27|635.0979372890333|315.9235244037076 246.60599533168786 334.1489120739962|8.301109298265612 -1.29261742085849 0.6442655957655126 -1.2926174208584902 7.981846948277339 4.1708011263223685 0.644265595765513 4.1708011263223685 7.238185144351936|
|28|1068.5131327923423|325.69261801055603 267.5382932506209 306.3052725209086|12.387444217513018 -3.327751274844812 -3.6401244976307914 -3.327751274844813 15.519462415181195 2.7594053465362087 -3.640124497630792 2.7594053465362087 10.675539797962037|
|29|1165.3602137663156|335.0379408477631 256.3185451940599 310.6451303975807|16.712625510432954 3.135662375226477 -0.24836953037042875 3.1356623752264787 14.70297904515202 -2.4512655505428826 -0.24836953037042875 -2.451265550542883 13.42100912881562|
|30|1159.1744104015474|340.2715662892895 271.1316910858045 318.88325833388734|15.56622756655043 -15.027882744266856 -4.224433493458787 -15.027882744266856 27.294401391174826 3.9375398210358368 -4.224433493458787 3.937539821035837 9.23598673992408|
|31|859.661770018136|326.8489361195519 244.38473879392555 329.5926834188686|11.972968679554734 4.532952091575871 7.4038780473711 4.532952091575871 11.216114578903046 10.374181833467782 7.4038780473711 10.374181833467782 17.850979411353396|
|32|1231.1619794279286|334.8826603130412 266.24161535004373 340.22971361998833|10.879668607241541 -1.8707067596336746 0.7310968965936164 -1.870706759633675 21.41725108325548 8.396506115372702 0.7310968965936162 8.396506115372702 15.299586065238262|
|33|1050.203825978965|331.58257364347145 270.15836331613195 315.07798047695786|12.189450854971831 6.110640580236152 -12.80215741048496 6.110640580236152 15.933655615395704 -8.681431895396898 -12.802157410484957 -8.681431895396898 26.64889624277581|
|34|1128.976926303486|338.183398340811 246.3765370979397 315.9604027888438|11.685974409784375 -0.361955636142949 3.9695435303613995 -0.361955636142949 8.122779237626972 -5.551022971617174 3.969543530361399 -5.551022971617175 24.63322860083695|
|35|1236.626619197799|323.0900034680903 247.70444744491604 339.73345204338983|17.86969650724885 -1.9659184875918168 -10.174807313844251 -1.9659184875918168 18.52960666703157 10.542403173186884 -10.174807313844251 10.542403173186885 17.822060591354273|
|36|735.2568101661482|316.3677205720759 277.0818120508354 316.7442445846187|5.8576491656619725 14.380599156938601 0.11164484955967638 14.380599156938601 45.52789833554255 -0.2136493319826443 0.11164484955967635 -0.21364933198264427 5.516869249410881|
