#|num|weight|mean|covariance matrix|
|0|1340.6673161361848|281.3320364868354 273.1161457960748 258.60550820236267|12.399506621493247 3.942424259658139 -0.7476087040470283 3.942424259658139 23.64735463924739 3.7056374144449853 -0.7476087040470283 3.705637414444986 12.422545198180723|
|1|958.007076981124|307.02722561276653 275.7718892544659 257.2134131425355|16.24682857474416 -0.8658328028109594 9.09232792451287 -0.8658328028109594 10.798751637872394 -5.984388654373227 9.092327924512873 -5.984388654373227 17.968556635841672|
|2|804.0930075797991|290.93758515694896 252.0603266723656 241.84819991772451|19.193031356208273 0.6862483021080414 -4.816551828505382 0.6862483021080413 6.376916101238293 2.27845948835433 -4.816551828505381 2.27845948835433 7.027768714444596|
|3|676.7985197057064|304.8683073210048 288.3961899778038 247.6566749504716|10.424735302599158 -1.2742471557678952 1.401154048955027 -1.2742471557678952 7.878035153567823 1.339089685228355 1.4011540489550272 1.339089685228355 5.826584350726546|
|4|1022.8062680213857|289.5749283211042 274.5027979586408 277.30744581472317|17.017941111561644 2.748034631120188 -0.9844508527176566 2.7480346311201878 7.785075472615944 -5.579065514214781 -0.9844508527176572 -5.57906551421478 11.286277442442518|
|5|1645.0058742640247|293.28545821972136 269.3122493364641 256.25190465584734|29.070933656168034 0.23102304114562267 5.5448039967353715 0.23102304114562244 14.889209753416134 -0.5481224670821572 5.544803996735373 -0.5481224670821578 19.174617190009698|
|6|1030.9776632277405|282.7539877674553 256.6588533789544 248.30423542683977|17.215959892922516 -6.655966507586877 4.432801804457411 -6.655966507586877 15.438767581395362 -2.8881933107710673 4.432801804457412 -2.8881933107710673 10.444445817441503|
|7|853.9092095627864|279.3832386082858 263.17455070860984 264.95783117151166|23.82383912928536 -7.846841939399026 6.992164286738453 -7.846841939399024 6.806388860152679 -0.764108187230984 6.992164286738453 -0.7641081872309847 15.471350670624219|
|8|1040.3166728854542|282.04980998478334 267.0026726834993 238.97981620093944|16.168686501383732 3.8271035630167525 5.585836822836969 3.8271035630167525 8.667852976392552 1.2627617031771372 5.585836822836969 1.2627617031771372 20.86514990385303|
|9|806.403911862593|289.19937256951744 285.5043670615618 260.9772122935113|10.444644457873258 -3.493151422083781 0.6196561266225326 -3.49315142208378 21.09836863951609 5.793874180743119 0.6196561266225329 5.793874180743118 6.275162543459192|
|10|1050.0668085837226|305.9603730490732 266.7326603064147 249.28214058814626|9.127943869257056 -3.723726730039586 2.4043285454075702 -3.723726730039586 10.076909855924605 2.9679339383292627 2.4043285454075702 2.9679339383292627 25.304871413731085|
|11|1531.6945728842225|297.808871474033 264.67890288981306 273.20212868085486|21.186953365999287 -9.562191106458206 -8.241189287987874 -9.562191106458203 18.34088829962495 4.519498234838368 -8.241189287987874 4.519498234838367 13.555771602181558|
|12|781.5552600812441|294.7273880382274 270.1694149642098 238.71488291449924|8.222171283072813 -4.332116555315642 1.4981291571862556 -4.3321165553156415 9.24292159961043 3.8783603720869206 1.4981291571862554 3.87836037208692 18.02411034333311|
|13|1144.7396174794103|299.5699697707939 254.55602608023622 254.11974172930485|17.68624721302423 6.987946715562607 8.080208256782182 6.987946715562606 12.741992141632746 -1.6213099108167839 8.080208256782178 -1.621309910816784 24.69863102634057|
|14|917.4290825407352|271.0732035746151 267.4600025262236 254.87985287732567|12.315208783425561 0.032112499603691926 -1.772270047446226 0.032112499603691926 4.20773603795122 -0.17738446472311623 -1.772270047446226 -0.1773844647231162 24.62647510321326|
|15|1300.5872154866436|290.765899142701 278.22585532120047 246.72410093148346|23.272573764466348 8.184679358048797 6.2968623825560375 8.184679358048797 19.783692348258164 8.51683729401334 6.296862382556037 8.516837294013339 16.362159515812063|
|16|1149.9722398217327|299.9797620424152 285.36839076040434 240.947745699417|25.892182742359296 -9.94654849660606 -1.4557718096597876 -9.94654849660606 21.90344475413121 -0.27948108980012343 -1.4557718096597876 -0.27948108980012365 4.24431999058669|
|17|1507.0319417525025|279.7470911071243 255.53688803948816 237.1250151016324|31.984162122808474 -7.932906398850572 -11.165061854102026 -7.932906398850573 10.563230466072884 -0.059984691109006505 -11.165061854102028 -0.05998469110900784 14.319646032007382|
|18|1613.456905400312|297.822626685079 277.26642166885375 266.2762355301375|21.42466521718995 3.8852938955061145 -3.761611168042111 3.885293895506114 21.184639709701262 -7.234229666668311 -3.7616111680421107 -7.23422966666831 10.343545846439618|
|19|794.938667846488|270.29597670798887 261.0774852329122 245.65061331922183|9.636494020062585 3.167253511395662 -2.5091071677380965 3.167253511395661 12.582879829140277 0.9255804006648773 -2.5091071677380965 0.9255804006648771 7.650759450345808|
|20|1145.7759095118988|299.6612178016864 297.2564460976235 249.46958421690707|8.08839178832807 -0.7873238469940249 3.2106580545987455 -0.7873238469940249 8.321067530557345 -0.633257610011317 3.2106580545987455 -0.6332576100113169 19.9817662631029|
|21|1469.4467408386688|292.8920304016243 262.71356708912504 246.03703163413684|22.540803410626857 -3.5297003931344584 13.473269743293887 -3.5297003931344584 7.166642646513556 2.5828858020699714 13.473269743293887 2.5828858020699714 38.64910965519797|
|22|900.5044681198959|299.68979905173677 274.88738722757444 245.36936415160892|8.317841098377453 -3.476951435519263 -3.8412979002149603 -3.476951435519264 20.198284707708467 -7.026942625327795 -3.8412979002149603 -7.026942625327793 20.038163693553745|
|23|1073.2718390974514|305.02087651358113 264.05306593263833 262.58514467225586|11.096587329241533 -0.22195460570307546 0.6746461400268937 -0.22195460570307568 20.641978521678986 2.844913267924139 0.6746461400268942 2.844913267924139 10.803162891794134|
|24|1116.5776773663952|287.35928818618305 270.0003521271049 266.3201663473889|17.136435768132642 -10.855376270420695 -5.58454828491172 -10.855376270420692 20.773436909889533 1.344846470857104 -5.584548284911721 1.344846470857104 10.041278476303|
|25|1095.9033578490178|294.53860211701095 256.5013266115059 265.5980883230996|17.697422010023455 -9.875799441652578 -6.363264994236453 -9.875799441652578 18.764520914103706 -1.4569893204755155 -6.363264994236452 -1.4569893204755147 12.41811643874081|
|26|653.1595758839122|310.6048129415029 259.01795753049555 253.04387215976425|5.469083419710377 0.730658211923749 -1.7817890893792314 0.7306582119237491 9.376476621585137 -0.3152796787025116 -1.7817890893792314 -0.31527967870251156 12.76895441413164|
|27|1226.78425532288|302.641527093623 259.01129728933984 241.35477179607537|27.124011505472758 6.921752927951012 9.640873770243505 6.9217529279510135 10.384788538833202 0.6317387848071343 9.640873770243505 0.6317387848071343 14.999186063190752|
|28|1076.847659313072|284.47166034325335 264.87223149131216 276.01683699933454|15.682776894913262 -14.183453857312259 -4.848764136136967 -14.183453857312259 25.285576152759923 5.335812112477271 -4.848764136136967 5.335812112477271 6.599522721612178|
|29|994.4598289569601|300.60037763505727 285.0779063070241 256.68935542405296|15.05648967335712 -8.363654296035051 -1.9518387412515286 -8.363654296035051 19.97759700178016 2.668925527966761 -1.9518387412515283 2.6689255279667607 7.331821923811628|
|30|698.0019032452334|309.5473774377051 277.73517988220584 246.2242126816519|8.014098195976574 -0.39975808793497847 2.4295527735937776 -0.3997580879349789 6.914589827105041 2.440073058570939 2.4295527735937767 2.44007305857094 9.449546979983005|
|31|712.8290627426832|276.19115729918065 258.26155533589406 254.79154269757095|11.382115632176356 -7.6593983770432645 -2.2797479264498355 -7.659398377043263 11.687600565729873 -0.13044101302274003 -2.279747926449835 -0.13044101302273914 6.723742948131839|
|32|1515.3176187258723|279.82339230737216 272.37680119550396 247.2521185010339|21.439333244833033 -4.891937781652576 2.035846012602542 -4.891937781652578 17.5867699099568 -4.885097109720037 2.0358460126025415 -4.8850971097200375 16.752055016612942|
|33|1059.314852990606|287.81767943987126 256.96704326337226 257.9288491897666|17.791931322612683 -8.484860399742209 -10.624443188698331 -8.48486039974221 14.998011288821779 5.393483438534841 -10.624443188698331 5.3934834385348385 13.999060123569299|
|34|966.2162136242054|292.305371257951 263.30036931471994 231.96002895795357|19.859215661355737 -0.7521943973241237 0.6949502413406752 -0.7521943973241235 9.782780678942597 -1.4636207772766614 0.6949502413406751 -1.463620777276662 7.28158012826641|
|35|1155.8557660426459|291.4345844069553 288.443587168239 249.78497802376967|11.293490029304275 3.9260861711837176 -6.115522760817465 3.9260861711837176 17.907831667767937 -11.436965316853522 -6.115522760817466 -11.436965316853524 24.902851251095413|
|36|399.9771382642022|291.0933001533023 249.8929437727389 232.07317417120854|6.636006949861743 -5.884053747715076 0.8592431399511702 -5.884053747715076 18.471087531674065 -2.993225116865769 0.85924313995117 -2.993225116865769 0.950327717378408|
