#|num|weight|mean|covariance matrix|
|0|885.351356423024|296.2241716310083 264.04090975232964 325.7474609767478|4.776759120961249 -1.520996251653566 2.017951504769945 -1.5209962516535656 8.31494015088218 1.6786975657096501 2.017951504769945 1.6786975657096501 17.816896827654062|
|1|1242.9240215059945|317.066768927638 256.9963586202362 293.1376281490119|12.400930544100564 -3.609431656095102 3.578938342576274 -3.6094316560951016 10.086938685470555 -2.8800108464844048 3.578938342576274 -2.8800108464844048 14.391582607118604|
|2|720.8375191254481|332.5552013688794 239.6165161897389 315.5950583360203|34.558293989052245 -13.992492540959532 6.145318222386403 -13.992492540959532 9.017948563532306 -0.46692439773068495 6.145318222386402 -0.46692439773068495 7.190789220663413|
|3|1236.0656396373106|303.58441638348376 267.4168210256137 309.9689588334879|8.194945417296156 -1.5653973848494331 -4.437710622184894 -1.5653973848494327 11.477457040377281 18.205652159205854 -4.437710622184893 18.205652159205854 51.75525444151453|
|4|903.8733028555364|335.488869672794 250.7176862060815 344.6004263200563|6.160647958582567 0.44057153290404 -2.9075876434773917 0.44057153290404 30.74123630813703 6.940314794720669 -2.9075876434773917 6.94031479472067 6.806343044443462|
|5|1116.6837020697792|296.5294527300818 273.1007326980372 321.30663183762397|8.138810347462663 1.6608303999202123 4.271782469917857 1.660830399920212 11.107513718674209 8.551049670086751 4.271782469917857 8.551049670086751 21.258351865311425|
|6|1433.0643834590232|314.0589676643858 265.0923898651712 303.95530006598784|16.451552544569154 -14.432870693614174 -2.865608352368995 -14.432870693614174 32.620343186009556 8.237961295676046 -2.8656083523689935 8.237961295676046 10.032137166435968|
|7|535.2935214811941|305.2811612753119 258.506441153801 292.2239432273393|11.841239747138067 4.293574156177209 5.5518553063078 4.293574156177209 8.285213057373632 2.616605351482316 5.5518553063078 2.616605351482316 4.385814672139714|
|8|278.4742854987034|344.01337400089216 236.9682017193554 317.8104535481771|2.6879343601115218 1.9734929822372487 -0.08338267656668163 1.9734929822372487 9.150205335964431 8.293996825068431 -0.08338267656668163 8.293996825068428 9.994370790230157|
|9|903.8320953453759|308.61194186578547 274.62501174934147 320.40337550442644|7.403309868326283 -2.8035800285423704 1.9065311350897687 -2.8035800285423704 12.476208977442143 -5.753276091155571 1.9065311350897687 -5.75327609115557 10.853799163075433|
|10|1576.5254638366307|302.63535036127155 271.9100301753026 298.38452388230115|17.44060023015427 3.4108846366934875 1.9032483176128643 3.4108846366934866 26.391871516942157 10.864398953984157 1.903248317612864 10.864398953984159 13.198644964482138|
|11|1408.0575577278585|319.2926684233088 268.62587853829365 294.376379048989|36.74128365026607 -3.7883435705151 -6.735496475929229 -3.7883435705151 6.376037337021754 1.1403217578533413 -6.735496475929228 1.1403217578533413 9.032734642414834|
|12|945.8766406069177|305.3202213604006 264.1787034139592 320.6112762585386|9.134706779868235 3.1485097104790176 -1.8644440679067609 3.1485097104790167 10.240568474908986 -5.3085218555160605 -1.8644440679067613 -5.3085218555160605 13.326587994326568|
|13|736.788117976011|338.07225603890066 242.90620808749176 331.90254298117543|11.172120355348985 -9.09836895825411 -19.018870306034742 -9.09836895825411 12.566399722043137 19.075244817661062 -19.018870306034742 19.07524481766106 41.24423016071891|
|14|1040.8754661927794|326.6699758766329 258.435396648655 298.0994597013701|13.605845450247196 -1.5537787944414654 0.35390665359056905 -1.5537787944414654 6.573507982145287 -5.491368540170031 0.3539066535905686 -5.491368540170031 17.624084655052602|
|15|1186.6719234283903|301.80954784723644 270.0535531126674 331.01919583416725|15.573103876862422 -1.2121800269732512 -3.5268909397358 -1.2121800269732494 17.816234631556988 -0.9354168846124038 -3.5268909397357997 -0.9354168846124038 6.208812990174349|
|16|640.9846028302914|324.74821065806753 247.99214381570252 310.34777786586653|9.121410061596858 -6.502855113826537 3.5453197722235386 -6.502855113826537 17.196462343908347 -10.050982258534356 3.5453197722235386 -10.050982258534356 10.565423406832021|
