#|num|weight|mean|covariance matrix|
|0|527.3660926523276|283.8427112053934 352.5793226415385 451.3074517857843|4.1990584624476615 -2.742107125774607 2.4090145521919384 -2.742107125774607 38.251024055276865 1.5189656993124925 2.409014552191939 1.5189656993124927 4.456497671318115|
|1|1163.5140716177411|277.9707052599102 333.98650266084553 438.08965155826036|16.884374872004702 -0.7982627472637776 -3.36486472350375 -0.7982627472637776 12.656519659075533 -2.3424046823428113 -3.36486472350375 -2.3424046823428113 8.784983218937148|
|2|1375.5078178667493|298.052267942156 336.60011338888756 434.071182413188|10.320734417320935 4.986656681828922 -1.819739678144285 4.986656681828922 26.705297970634255 -8.909800378276504 -1.8197396781442858 -8.909800378276506 12.851019074582789|
|3|1134.0421439723902|283.1989635070738 354.8336584467341 438.47531556507766|12.809404846776255 -4.304639564558414 6.313292104280254 -4.304639564558414 14.081716844611531 -8.632852679848448 6.3132921042802534 -8.632852679848448 17.033240689504304|
|4|689.0790937463956|270.70387470603737 339.769169810495 428.62829222334574|8.10304836271174 11.01012609869151 2.2287317018756996 11.01012609869151 29.947506405315767 7.920852419883968 2.228731701875699 7.920852419883966 7.923706842090683|
|5|741.5777830324638|288.3977246644674 340.4813773487966 455.02397039988125|8.571164948518351 -1.4654072137098484 1.2017449955818469 -1.4654072137098488 10.211646159683472 0.8186293724469407 1.2017449955818469 0.8186293724469411 6.599141025450505|
|6|1385.7465733048166|265.71474195730576 330.6399400876897 436.15815778870035|11.202801974439888 0.4106021565803401 3.768981735973224 0.4106021565803401 5.965844844706521 1.226098238812956 3.768981735973224 1.2260982388129562 35.00546370971915|
|7|607.66952182898|282.0466971142189 355.58772409220904 428.0204355086611|8.892426680244329 -0.31613967281335575 5.5227678884331555 -0.31613967281335564 4.453044259001124 -0.862004193790103 5.522767888433155 -0.8620041937901027 13.32603093747453|
|8|1607.5998065766296|295.23168312860713 348.7530184842202 436.3608296528496|31.65917581149774 -1.3842292161782366 -6.418776664905972 -1.3842292161782368 12.114765046808678 -0.21177614857333715 -6.418776664905974 -0.21177614857333682 16.612445320403424|
|9|1075.436551512133|313.54614905308574 342.128515692173 437.6068410186593|32.135656412502065 1.2440495019374427 5.054518887708563 1.2440495019374427 9.309563255036025 1.5472841258056276 5.054518887708563 1.5472841258056276 6.404773730764287|
|10|1125.258261804412|275.54468358533546 339.33240074476737 448.6854817197832|16.499805889983826 1.4854247402375451 5.722644830601444 1.4854247402375451 17.08429199692332 6.25998427260914 5.722644830601444 6.259984272609139 13.179462981984706|
|11|1269.6571073650805|304.9383949270333 347.90024545746775 443.51430348283054|18.132846438663947 -5.0516764239892105 -1.5158825606274493 -5.051676423989211 11.97858084781016 -3.3473003731415716 -1.5158825606274493 -3.3473003731415707 11.949075914310153|
|12|1043.1322263921359|284.70261433112836 347.23167968265045 431.0397631962234|16.45570583325157 2.0340055019032164 -8.368856202343995 2.0340055019032164 9.66472507480505 0.1497783349238655 -8.368856202343997 0.14977833492386505 18.135096538081505|
|13|1662.882196450292|297.21209168338146 343.4247155328254 445.5517484702241|37.913830370624765 -15.127397002653192 -14.929054496980513 -15.127397002653192 12.322125295036393 9.849212381410826 -14.929054496980513 9.849212381410826 26.58141028247396|
|14|717.4681276891803|307.6909503885363 351.0075136270044 428.2451463015923|4.306721027698738 1.6556169674808487 -2.3578836999804795 1.6556169674808487 4.138775252145969 6.821548613576108 -2.3578836999804786 6.821548613576107 41.986163290269346|
|15|1549.83905704402|285.2023807767937 341.05630047275633 443.3731549571263|24.16198258723643 0.018927819769259255 -1.5991509489472495 0.018927819769259255 10.228661486195401 0.03986410816526013 -1.5991509489472495 0.03986410816526013 21.923470830902193|
|16|1098.0564671443408|268.40620229336133 345.02706373751164 444.1075748235353|7.166614469009653 -4.44054944460663 1.2014992391012678 -4.44054944460663 16.27749114140822 3.592174455050099 1.2014992391012678 3.5921744550500994 24.04985391815051|
