#|num|weight|mean|covariance matrix|
|0|966.041856010253|312.4828135964206 388.9237938902818 372.21179249776833|21.431497027236585 18.078330395511646 -14.675852341067895 18.078330395511646 23.686174116802007 -15.85686539316557 -14.675852341067895 -15.856865393165569 18.17752686687963|
|1|1031.526999875781|339.8005438333058 388.7724605295933 396.8991665541815|15.50359711514055 5.551972477371182 -5.189519714147994 5.551972477371183 22.230490165084518 2.305275933375521 -5.189519714147993 2.3052759333755217 10.533086002041328|
|2|626.1949579270723|338.9409669158895 394.13178904494595 368.7908266227447|18.10409472187883 -8.474616122653432 -4.170349150601604 -8.474616122653432 15.737657383564986 1.994631915590519 -4.170349150601606 1.9946319155905194 2.596097302423976|
|3|1085.425135201405|319.3941426784401 396.1783744964016 385.82680744552084|9.189451856709344 -2.532127241384938 -2.75007571053714 -2.532127241384938 14.11751114103603 -1.533496358912168 -2.750075710537139 -1.533496358912169 13.871929045131527|
|4|1082.300737969604|347.96902065943095 404.73720264998127 375.1028440098085|22.77656381078654 -14.224529626271275 12.14657602613486 -14.224529626271275 19.67739490117911 -8.98039354236333 12.14657602613486 -8.98039354236333 12.530384762948415|
|5|1382.9233811997337|314.69663122088076 376.1486255382102 389.52212249379414|12.913536358793898 -3.8251254520053157 -8.721446419765947 -3.825125452005314 18.475602041353536 8.368835444963857 -8.721446419765947 8.368835444963857 17.36146038985109|
|6|630.6980731688743|321.1704095265928 381.39448395185815 371.0313962037543|19.04644008146343 -5.287510120726271 -21.58449892603364 -5.287510120726271 3.2241616262683697 3.001719096492634 -21.584498926033643 3.001719096492634 37.59344232062097|
|7|1009.1669078568729|350.10295029610865 388.7271760578295 388.4586892205854|6.814191133458785 6.615678532791229 -1.3604032780074986 6.615678532791229 16.87746294602412 -3.0524805077424864 -1.3604032780074977 -3.052480507742485 19.9473799418479|
|8|1026.9737561453683|327.92156586548094 391.4588689063852 400.772682433287|5.398993632916083 1.111961207975327 -3.400057944892848 1.1119612079753272 12.700357468374762 -5.997271149482957 -3.4000579448928487 -5.997271149482956 25.832266394953223|
|9|912.2857241641469|344.33038902762854 409.9697682218604 386.53326180745046|39.338468787923965 6.2088971465058584 -14.85578380882504 6.208897146505857 5.816135690315922 -1.6800099936443238 -14.85578380882504 -1.6800099936443231 10.604479118846491|
|10|954.0847855786668|325.98913920859883 403.1130855674235 364.9358206425152|8.320480122371778 1.4511860392951532 6.0150252812009635 1.4511860392951523 10.666523074143718 5.364084771619096 6.015025281200964 5.364084771619096 20.322675014458625|
|11|998.0745571453143|314.5125565130757 389.17066057921846 397.2588758489869|5.243978919747263 0.8661369505895052 2.5312292432987156 0.8661369505895051 7.900144607071833 5.824201666795861 2.5312292432987156 5.824201666795862 25.734570965056083|
|12|1033.9032321303764|328.4470023207214 377.9873993950119 380.05462171019144|9.645162740275948 1.3421815563542423 8.228599428491188 1.3421815563542419 9.485441640819644 -16.758014026946434 8.22859942849119 -16.758014026946434 57.589675414019105|
|13|1288.2342015902332|339.90150968785605 401.439379403264 396.9898250749704|18.93372034366666 -1.5402792831218166 8.139285572546369 -1.5402792831218157 16.548938111434538 4.423261686561435 8.139285572546369 4.423261686561435 11.737102319247246|
|14|1032.178091910916|343.6081783648078 402.3356676503366 364.6921446967014|14.240003172582306 -0.5660351010160194 5.836700749218492 -0.5660351010160198 10.583676596847504 -1.4806570972313413 5.836700749218492 -1.480657097231341 12.854823928642043|
|15|1285.563058004647|319.64831212746765 385.16089850131874 382.4166186407513|21.928887444957763 -7.17803280829559 -5.688951804008958 -7.17803280829559 11.534626695827885 3.341487696487091 -5.688951804008959 3.341487696487091 20.536288376468317|
|16|447.59466873854353|302.75176400535145 399.97716445055204 378.0930574553538|3.7595846084605093 -1.602996787391835 0.0035645886381104885 -1.602996787391835 16.642963253594292 -5.993488697159558 0.0035645886381105996 -5.993488697159558 5.234224516060347|
|17|633.8803583036934|326.02577032940906 376.05657058198454 408.0034682637191|5.550100295055484 -1.5769889192566517 -3.4308273530863387 -1.5769889192566513 5.222559585281165 0.3521300965230183 -3.4308273530863387 0.3521300965230183 11.864823644403641|
|18|1558.9620111706256|324.13637322275656 392.21053885640794 363.56613591669617|12.763380803549149 -5.1984795543064175 4.0045912783882995 -5.19847955430642 10.216028992412731 4.93958822519377 4.004591278388299 4.939588225193769 43.71314004325529|
|19|1238.4436985579214|325.05985038324485 365.71866979112036 383.9658786672528|20.226915523886678 -7.960004738686833 -7.965228875417954 -7.960004738686833 11.813532386124809 6.289160342468815 -7.965228875417954 6.289160342468815 11.138798737036094|
|20|478.38990574391244|344.2333148796591 394.4159419242795 402.1287288090841|25.43561023465039 13.333607826140673 -3.4587777315484787 13.333607826140673 10.122777997929953 -0.47138131834582664 -3.4587777315484787 -0.4713813183458264 3.063758414330652|
|21|1662.873279670827|326.69211244610807 382.9772216935658 393.61535233902515|33.30060455875908 -4.6105078782212905 6.890645753922007 -4.610507878221291 13.540369066463127 10.240268049264065 6.890645753922007 10.240268049264065 24.44455418434883|
|22|596.0676276885748|352.0326790022044 392.6386051913888 376.1919848001525|7.3249597820040515 -2.1583900652969414 10.089859212376108 -2.158390065296942 5.182235737665171 -3.1464819657522725 10.089859212376108 -3.1464819657522725 21.397199445588175|
|23|1333.612670712053|335.38503294329354 391.38202081329695 375.3890353002217|54.7123456073015 20.764982470094854 7.803725869902251 20.764982470094854 22.734161096552402 6.005003807285065 7.803725869902251 6.005003807285066 7.239194696159085|
|24|1006.2298402147419|310.05525128781704 395.90557433793236 381.04197683586517|15.228341837263013 -1.1918070381242938 -12.188236639676605 -1.1918070381242938 8.649698150745508 3.4603455451575913 -12.188236639676607 3.4603455451575913 24.38401423438649|
|25|1047.471900171863|325.7520971667057 399.39137652275934 394.4359857342812|22.97085757016645 13.468499650777245 2.658533722818065 13.468499650777245 17.84805265712032 1.8171428433893857 2.658533722818065 1.817142843389386 8.560919418995038|
|26|1570.2782010191245|320.6632592987149 399.4513483349693 376.9028124976851|87.16117387376308 -5.355280748429314 -3.7010241242199973 -5.355280748429314 13.595515251553648 2.155649170318423 -3.7010241242199973 2.155649170318423 5.148685838937303|
|27|593.9212308850705|302.29539538381084 380.1153445145722 389.668851401401|15.456403762970382 -4.455371778149821 -10.747182169966688 -4.455371778149821 3.2625367938119187 0.07147713004752979 -10.747182169966692 0.07147713004753031 18.062354834564385|
|28|494.7148544756301|339.0062058616116 411.7398258169444 364.72035628550844|2.328738486316625 2.125672864223306 -3.9682343077786006 2.125672864223306 9.491670379215886 1.3633022009059965 -3.9682343077786 1.3633022009059967 18.913899534674254|
|29|1339.1474056265222|339.72328227270407 403.68300809197234 381.69991151382754|10.03270936876585 -4.515547752844481 -2.6227057441253847 -4.515547752844479 13.926285375428307 2.7189940503380785 -2.6227057441253847 2.7189940503380785 41.136969713141426|
|30|904.4345601173644|339.6351657976445 381.8242327090716 387.9017974089357|11.836586397179872 5.910765855993028 4.292922987501413 5.910765855993028 12.258609447473024 -1.078794975964418 4.292922987501414 -1.078794975964417 13.443394068104466|
|31|1337.5159167096467|349.09793676070143 400.1490005217277 388.5261594334911|7.573913242856873 0.9515805774745372 2.222819885612898 0.9515805774745365 18.056483359261826 -3.9532424932664156 2.222819885612898 -3.9532424932664134 19.657384699804098|
|32|1126.7052005958653|342.4274297793899 392.0646054382423 384.96003571552524|17.573876125325246 -7.288868512367697 -12.836394991039194 -7.288868512367697 13.682318384670506 2.515252562668227 -12.836394991039196 2.515252562668227 21.441357961437273|
|33|427.317065204217|356.682746251761 405.1093378274469 383.42438177336135|2.4844640702989076 -0.16414785216936356 1.97405756942671 -0.16414785216936356 11.14295315558017 -3.7450565717938162 1.97405756942671 -3.7450565717938162 7.930621587265204|
|34|793.6588091918323|332.97869739012503 383.5941393467758 365.0769078037581|6.284571961433619 0.09031371282620793 3.775901335043172 0.09031371282620793 12.874933543865588 8.458954594060925 3.775901335043172 8.458954594060925 17.16084783125187|
|35|1620.4093712732063|330.518097061682 388.9792735853068 385.8979182562998|17.361340584121656 -3.9668369293312145 4.127065355846213 -3.9668369293312127 20.009507860339696 9.034326926996325 4.127065355846213 9.034326926996323 23.218553655896308|
|36|1296.7649828852402|332.66954199475924 408.1924952359489 376.8093962397266|33.237776277649324 15.290040985230416 17.856198941503735 15.29004098523042 15.157798948763638 11.757512459861402 17.856198941503735 11.757512459861402 21.33065304027049|
|37|1410.8505620977207|333.51784619348166 396.1821721470461 361.8370506336973|8.116547144989434 1.209148255200077 4.413957712979852 1.209148255200077 24.976933778863216 1.5711159871491773 4.413957712979853 1.5711159871491793 20.988025048635922|
|38|659.3786230659824|328.74309949308935 384.32682881576534 408.48610609194577|6.796577799241286 6.499371529131144 -8.160292050753924 6.499371529131144 15.204671062766817 0.029346408195277007 -8.160292050753924 0.029346408195276744 22.06169170364547|
