#|num|weight|mean|covariance matrix|
|0|891.4609017245077|304.7008719168092 406.92377284727735 99.20460097572493|6.734226656848421 1.2977294443177807 5.8760550939192235 1.2977294443177807 7.186291824986239 1.0362474033822833 5.8760550939192235 1.0362474033822833 21.297039429907688|
|1|1608.1552945647409|302.29928361765866 443.2272641702514 89.56122327338537|22.38109270632002 6.572971791899348 -5.153745349279859 6.57297179189935 24.60190771268458 -9.069348185247307 -5.153745349279859 -9.069348185247307 16.010938023109077|
|2|990.0219521137527|309.9891786389743 438.24768326791883 66.152057914526|7.439226672541539 -3.5782773569862236 -3.6580363920213568 -3.5782773569862236 11.750499830187213 13.291662532003619 -3.6580363920213568 13.291662532003617 35.278401303778914|
|3|1236.549618951745|285.1921061431847 431.09792012938124 85.82111902991122|10.56246505079946 -5.1511850726298425 2.6690843778810436 -5.1511850726298425 31.380014158152278 6.598715967459257 2.6690843778810436 6.598715967459257 11.518140944124866|
|4|1182.135529793568|296.205716492547 420.92242699040037 78.04288779220576|31.344410629538682 -12.792782269239527 12.031787816283147 -12.79278226923953 9.771587216828271 -5.550930366134945 12.031787816283149 -5.550930366134946 20.409599972100345|
|5|1343.2920279672514|308.96213193864264 451.7828355769946 93.26663495686884|35.65760132683954 -2.934754165877294 -0.12043481253374144 -2.934754165877294 10.898760836982884 -3.0629812868210022 -0.1204348125337415 -3.0629812868210027 8.173175432745737|
|6|947.8465455166546|320.30864591596065 434.7816413432669 74.73569936998499|36.957733159517254 1.855659623845564 5.311321048671141 1.855659623845564 3.4545302529678756 1.9492882498683684 5.3113210486711395 1.9492882498683684 14.789224994148237|
|7|395.64243924597986|286.06514170526805 449.3967993581197 79.38855149205757|20.643056532938324 5.411716286318103 -6.353832209835533 5.411716286318103 4.873652159327977 -2.1023039937711268 -6.353832209835532 -2.1023039937711268 4.432859208401244|
|8|1258.5845516222137|283.93932313396857 428.7878895616901 75.56638699892304|26.501688038993947 1.7019206626197811 1.931249578711102 1.7019206626197807 11.203073632932393 -2.263520431911378 1.9312495787111024 -2.263520431911378 8.080183638840138|
|9|895.0846143060935|310.58963836868844 446.28182283541247 77.9237553724008|11.019585423427467 -5.248998436844661 2.4100982106903026 -5.248998436844662 10.78046123916904 -5.942066789267311 2.410098210690304 -5.94206678926731 13.113934312852258|
|10|1190.5749978008007|313.28767061983945 435.38340489865317 91.10448506077188|15.489539180863368 -3.0974075525958145 -4.492346818454576 -3.097407552595813 20.545327762361016 11.204033781474772 -4.4923468184545765 11.204033781474774 17.65879369617345|
|11|1085.053514659849|278.24336264659667 417.47641616855503 77.4532250684839|14.464854578395988 -4.18795483285471 5.446929909782016 -4.18795483285471 19.577724044780304 -2.323865150064847 5.446929909782016 -2.3238651500648464 6.041272463410283|
|12|801.1079689698585|297.08120766662387 451.2929218407622 99.81602175097157|11.85876813565165 -5.081968954928203 -2.1872412019726664 -5.081968954928204 32.06656251913774 -7.881019078101525 -2.1872412019726664 -7.881019078101523 4.600237647034398|
|13|1299.3816984368011|301.7282942673676 432.64920811159715 69.58493543887269|12.060684912880463 1.335296871838883 3.5026703509100776 1.3352968718388825 13.20882182022492 -5.594253819262807 3.5026703509100776 -5.594253819262808 17.355967621613527|
|14|1308.456539908361|301.6516512988625 408.09334436546516 83.9373061979495|8.086177008414992 -1.1656149999127123 7.540389143677218 -1.1656149999127137 8.785568119278174 2.926052865184151 7.540389143677216 2.9260528651841513 35.97481058501192|
|15|810.3610962955555|290.03343100978526 424.9697584861325 63.733659567032745|19.73867401441675 -3.0444266778961797 2.5282385814699913 -3.044426677896179 6.581270004276536 -1.2493847140059269 2.5282385814699913 -1.2493847140059269 5.681738052619934|
|16|460.79298683333303|330.8299885524607 436.0040689278901 84.40887494363835|4.5199927108641615 -1.4194602393391178 -1.043718246901986 -1.4194602393391176 5.1068808297907236 2.1640770329104786 -1.0437182469019857 2.1640770329104786 7.538291579227593|
|17|396.5488412066574|323.36456853320897 454.88493062793395 86.92023463858273|7.115375280761005 0.5428381866111236 -5.5279376092023735 0.5428381866111232 5.578762435188994 -3.9782458037827806 -5.5279376092023735 -3.9782458037827806 7.835076029974114|
|18|917.0023989017303|321.46785473969 433.48041857125105 84.46496219294667|9.835065654589968 -0.6512023023755069 -0.10170394608488265 -0.6512023023755071 12.896122091634044 -1.3604669417381388 -0.10170394608488298 -1.3604669417381376 12.26505520050252|
|19|1415.6514527620589|291.12854364407934 438.0073116029825 72.58815049505516|11.295867518987187 -5.701740603529805 -3.9792322870770427 -5.701740603529807 22.141169035253956 8.369647767486887 -3.979232287077042 8.369647767486885 15.997854219077109|
|20|1347.3175398165934|298.218174286177 430.7911108214282 80.97122789871399|29.53805078394852 -5.902606820221417 4.227603648392523 -5.9026068202214175 14.882844303627843 -2.414754140729272 4.227603648392522 -2.414754140729272 10.72762566242525|
|21|1080.3353781120447|308.9176474708503 431.6082210876818 55.84640872923068|16.96803964429796 4.451594810237408 -5.902623351047289 4.451594810237408 12.613196555195662 -4.836605325910266 -5.902623351047288 -4.836605325910266 14.240527352363342|
|22|1061.4111459744279|308.92532359950116 422.3398257689821 80.87138170117278|17.12846236995073 -2.1957792423156888 -8.279421122602816 -2.1957792423156888 5.437577078999347 0.15807088367581323 -8.279421122602816 0.15807088367581335 20.868733426982907|
|23|1026.3822513367782|291.1070719755348 447.36830916291444 93.54094779037598|13.242291388112923 1.0235778542855551 1.9724828604931057 1.023577854285556 14.431260797102043 1.4258012917141358 1.972482860493106 1.4258012917141354 7.4956541132395795|
|24|1012.8580725422923|305.7504375649694 441.3746915648632 99.3260637082111|24.425794292527257 4.499991661180113 -2.690393346179755 4.499991661180113 9.900517944923141 0.10667133351859492 -2.690393346179755 0.10667133351859459 6.541983886464737|
|25|1278.507907981914|302.86579523475956 422.66126893407716 69.72332468064847|34.25051531971718 1.106323400990863 11.94216949794546 1.106323400990863 6.724746457150657 0.2650665832813991 11.94216949794546 0.2650665832813993 16.17095973538141|
|26|1158.1913629184717|299.5427721285069 452.10659943300703 80.22353422533334|28.417998491416014 5.204270734200572 -0.5413193908324804 5.204270734200571 11.804278027373956 -0.3519388608617843 -0.5413193908324803 -0.3519388608617843 6.093910448645902|
|27|1158.0781949808759|298.99908830224985 413.1081339942192 70.4733338657569|11.8311743348703 -1.705748316675137 10.033653808779668 -1.7057483166751373 9.147746978559386 -2.7908913342698076 10.033653808779668 -2.7908913342698076 20.19078525059197|
|28|797.7975622060974|320.5350648489601 444.4347363838445 74.77159310936983|21.401109092352634 -7.5524842612148095 3.830259098112356 -7.5524842612148095 12.887293763447339 1.2727316947076734 3.8302590981123563 1.2727316947076734 3.8710994298288757|
|29|733.5947158635729|312.6620200324846 456.52536938270316 84.06645255081348|47.95744887399982 19.937515326815223 -2.6658955091383705 19.937515326815227 12.53255555313416 -0.879241344520388 -2.665895509138371 -0.8792413445203882 1.9037745481036572|
|30|1414.8860054374127|295.12541748994744 425.1645394895335 89.36147309132343|16.329042308338256 1.334555352779771 -0.6652138422561406 1.334555352779771 23.686522246305532 9.664685465374639 -0.6652138422561404 9.664685465374639 12.11054237579899|
|31|799.2687734464688|294.8075783742196 454.59044116341335 88.29664575334512|4.286193487209961 -1.6431265078429398 1.4548157797826464 -1.6431265078429398 18.470782976317828 6.340289310700036 1.4548157797826462 6.3402893107000375 13.074366618992388|
|32|864.0477271817244|292.5133653568457 438.7714239150546 85.11100979681416|13.33828168863645 -1.7755972046492623 5.345419813442779 -1.7755972046492632 17.581661218116654 -11.556164915195968 5.345419813442779 -11.556164915195968 15.950840527277778|
|33|922.6600314936422|314.1886844044331 428.9523735546853 66.80688594605962|16.585503289508065 -2.7264529333498317 7.642029194580004 -2.7264529333498317 9.820582280456765 4.3089942282721445 7.6420291945800045 4.308994228272144 16.06859171075847|
|34|1171.3173661078101|309.70384445831036 435.0881583517737 81.23985385220875|9.92633663545243 -4.903967591320803 -0.300751759675824 -4.903967591320804 19.203383082409015 0.7461932002689515 -0.30075175967582374 0.7461932002689527 22.673905986905396|
|35|943.4899722390356|281.94423229475154 443.14103511493585 87.1160719901873|10.071741643874882 0.8876139195040822 -7.166138585441082 0.8876139195040822 12.669266146881155 1.122938123828364 -7.166138585441082 1.122938123828364 14.248745530255535|
|36|1230.7294765235831|291.4783012350252 436.2093307196789 97.02529504156213|16.950756069250772 0.6305392344423344 2.4237303636149408 0.6305392344423335 20.0630298403444 2.5281827970284745 2.4237303636149408 2.528182797028474 6.7834562747521|
|37|783.8574964303249|319.658604969156 424.7272527672582 86.05783749060453|10.654671845591265 0.14538058945163837 4.8914365144778555 0.14538058945163837 2.2962873897722087 2.738210139472921 4.891436514477856 2.7382101394729212 21.940128810277134|
|38|1440.1598478247824|319.2879872353649 445.0981701163643 86.51512385025435|16.98872594285138 -4.067584500821699 -5.744096289898656 -4.067584500821697 11.893715973539749 0.3318257825792079 -5.744096289898653 0.3318257825792075 19.740854223864183|
