#|num|weight|mean|covariance matrix|
|0|1072.8925234122194|320.8711558849052 417.85362156998076 212.28588633675204|8.710598825911863 -2.005286984510178 -1.730446209422717 -2.0052869845101777 15.662168790606337 -1.6862806751663877 -1.7304462094227167 -1.6862806751663881 11.389655207441558|
|1|648.4218667904664|332.49411227545534 393.8377871800415 202.3656848990521|8.657807710284473 11.139320329399114 2.1180693960867996 11.139320329399114 27.095436347938744 10.71953596209845 2.1180693960868 10.71953596209845 9.400458272113806|
|2|1141.509442393003|313.58024918417783 412.15054992068985 215.5179147775353|12.767938258080036 -7.76533083983125 3.2632889409877452 -7.76533083983125 27.366006152096393 2.31132678305461 3.2632889409877452 2.3113267830546103 8.392615002793299|
|3|1053.1723792766086|326.0382424777959 405.2436463467939 231.45011039625393|18.044014702047043 3.9790175985932477 -0.5615139618701628 3.979017598593248 8.132702345596774 3.774876655876726 -0.5615139618701623 3.7748766558767257 13.615410885874626|
|4|953.8980697495473|345.359448557532 414.313735292357 230.77840912905913|8.928873972796174 -4.515298378535075 -5.913276696312552 -4.515298378535074 25.043515484044818 12.1141244403473 -5.913276696312552 12.1141244403473 17.309838752342277|
|5|911.9268114734208|342.9101299543713 394.5539436999577 205.53155556185777|11.174137619389768 -2.5188298804781684 6.2299988003201205 -2.5188298804781684 6.546020616422463 -0.876271262018984 6.22999880032012 -0.8762712620189839 19.87600642750155|
|6|962.8400548778304|310.8071315772518 406.33037738040605 204.27470599937735|40.703234194192916 -15.260329134887982 -16.368037918627603 -15.260329134887982 11.180080434747268 7.284593362298841 -16.368037918627607 7.284593362298841 12.10350215228203|
|7|510.92258984784206|314.90737632833907 407.0604854778929 231.6920537604487|23.96425142720115 9.3458352587573 6.502029369817795 9.3458352587573 9.614633747109641 7.980199349590662 6.5020293698177944 7.980199349590663 10.58956646269004|
|8|1419.9870446795771|340.47917154077686 409.8622268632777 209.56240468378792|21.35560531390545 11.351698789701778 4.791837404212681 11.351698789701778 21.339904820285888 0.3213678549710286 4.791837404212681 0.3213678549710277 13.103908101647926|
|9|1148.837665425194|352.1740349463916 408.05426002145254 223.0357690655484|17.13046636175408 -2.343478935611162 -4.334519415741429 -2.343478935611162 13.317102321251737 -5.79978078856163 -4.334519415741429 -5.79978078856163 16.67557519267949|
|10|1399.3659921338276|316.2594343066901 415.19009603398325 226.64728403436476|19.889897381972517 9.638083855158557 9.84396049405344 9.638083855158557 27.145376207252383 5.775343804598594 9.84396049405344 5.775343804598593 11.288967608535557|
|11|872.1365106728636|303.1337641084385 408.22432077860356 225.74135046218956|6.3239943380892605 1.429239914594951 -2.143447827408885 1.429239914594951 13.236410760768308 -4.177947943156015 -2.1434478274088855 -4.177947943156015 11.923921868550597|
|12|887.0317718105443|336.5498863600648 406.6179172770098 235.50155626608347|21.000654388086986 4.901444667397585 -1.316230626636454 4.901444667397585 11.284030843980295 1.8271989480282538 -1.3162306266364538 1.8271989480282533 6.7108655215470225|
|13|1080.773387474764|314.4477839450666 425.0346880229637 239.72124692751333|12.342543399368337 3.0117844903893403 -5.146053911757797 3.01178449038934 19.484098237894525 1.6514175232297457 -5.146053911757797 1.6514175232297452 6.974763462346136|
|14|927.2777301512226|313.0325957607548 398.65118632466346 213.5686349005734|8.129739400438114 -15.393784563654126 -1.5535870233647926 -15.393784563654126 40.27914097694949 6.897191787767552 -1.5535870233647924 6.897191787767552 10.16213966488716|
|15|1639.6008378189952|320.65623503919664 412.967770758449 203.97744453946004|29.888876914631457 -8.627461887421546 4.647293877054124 -8.627461887421545 22.299293258487904 -6.055583276680446 4.647293877054124 -6.055583276680448 11.089117204962236|
|16|902.649311243418|305.70165324132955 397.9330823857304 232.82810299199636|7.178025695926403 -0.876386243520537 1.3081222999087119 -0.8763862435205367 13.815865379947802 -3.8384278043122224 1.3081222999087114 -3.838427804312223 7.430775991408532|
|17|587.7157780245321|297.2083440671329 420.24826045365916 214.6832348752462|5.890988007415607 -10.328789313296463 0.4611256776850743 -10.328789313296461 21.97462931621419 0.4301220400465089 0.4611256776850742 0.43012204004650895 7.883566903448345|
|18|870.51326339689|341.50883843929813 399.03401624772084 228.93240641692802|10.864391889454561 -0.9335433721081928 -1.6447349102853412 -0.9335433721081928 12.926139232899972 9.095977898304069 -1.644734910285341 9.09597789830407 14.939710773488969|
|19|1609.4974210929608|337.5842966609208 405.40167338203685 222.79696617763594|15.34073408895895 5.439588053560165 -1.6517127392264999 5.439588053560164 18.242142882144506 3.6452145775175016 -1.6517127392264999 3.6452145775175016 26.170261139432338|
|20|1129.7501269688084|343.89100573520915 416.1204969979598 217.25111221077591|22.624230793039253 -5.1323637129817685 -1.325286640251532 -5.13236371298177 16.93519635995013 -2.937950980433909 -1.3252866402515318 -2.9379509804339095 7.105413933053982|
|21|735.5366887283141|335.3015517664465 416.725314506486 231.41976874056212|7.4870169078132 5.452758663955755 6.120900937813385 5.452758663955755 18.132499988084138 9.7095267234431 6.120900937813384 9.7095267234431 14.73661772254297|
|22|1221.956803208405|327.9631740011211 422.98764875482567 219.4316164599728|22.458668758321753 1.9815573216250908 1.6891779054993465 1.9815573216250908 10.2581615146922 -1.2956471252459973 1.6891779054993465 -1.2956471252459973 10.4594569705653|
|23|1474.574037906635|346.47975263856506 400.34099056381945 216.564897276903|12.57448739420293 6.28340218433158 -1.493531651994652 6.28340218433158 12.931313638568726 -6.159838091059604 -1.493531651994651 -6.159838091059603 33.28436468812362|
|24|887.0424374934823|313.2401642630858 426.8161394777595 220.95295756690845|7.353840383441785 0.8284476974098813 -0.05807459046225705 0.8284476974098813 13.62131551262586 4.779140023724303 -0.05807459046225705 4.779140023724303 8.491789147603086|
|25|1157.8388162151919|325.09710956525413 411.4604942985376 222.4131795609508|10.991316197924162 3.5051749149624114 1.6017965841420345 3.505174914962411 19.3384800516918 3.4192187152065205 1.6017965841420345 3.4192187152065205 14.280462138788938|
|26|689.603215622416|322.07097535554004 389.5476163087985 213.28266033251134|5.378891755330587 5.332427645010227 1.344252601717785 5.332427645010227 16.80459870187664 0.3757779775376 1.344252601717785 0.37577797753759995 9.801952826448339|
|27|948.6892123727022|323.52279458354974 426.07040240917337 230.5193249182219|7.963954348934932 -1.946772127369237 -4.095737981616492 -1.946772127369237 11.413874691311008 7.288382118637664 -4.095737981616492 7.288382118637664 19.257670838661333|
|28|824.7518662800703|316.3924260850462 402.3716700645183 222.4728981772748|14.45029883965375 -2.156052866615852 -0.3367453633433775 -2.156052866615852 10.526978500475414 0.573880899638413 -0.33674536334337746 0.5738808996384129 7.34026283264072|
|29|1617.8069416102649|332.88596305240736 393.89632116055844 211.81978586982606|27.617525984421526 2.077652516139346 5.279680985144422 2.077652516139346 11.903134246596354 2.5921343562733026 5.279680985144422 2.5921343562733026 21.24361235051297|
|30|789.1983917222889|304.6048970136435 418.0896980744394 222.3126440953617|16.920664052965087 3.9287788808688093 -5.487241808423787 3.9287788808688093 9.324223908342669 -2.7172349359367995 -5.487241808423785 -2.717234935936799 6.742994780391564|
|31|1101.7312049008021|339.4824096888032 421.5500944991159 225.0066887126976|14.32234522364156 7.636407808879448 4.702682031293303 7.63640780887945 13.283117454971245 0.18129407034722878 4.702682031293303 0.18129407034722966 13.108157961661039|
|32|449.4052191226027|313.70783273219433 419.49124854616974 195.27275743990833|10.65044715967093 -2.4857958804625895 2.609348699320111 -2.4857958804625895 3.6279097225675883 -4.240621450803366 2.609348699320111 -4.240621450803367 10.161219113965117|
|33|1316.4004092231946|325.91883890198704 402.56471816104005 213.90838300901362|27.142913463087954 6.528140577127489 2.157964299181398 6.528140577127489 21.162408559560326 -10.278240908020061 2.1579642991813976 -10.27824090802006 14.494968543841606|
|34|1343.6372395527155|331.423938162974 404.1666441798201 199.756479607445|12.369630854963354 11.344483386452277 6.432164060837832 11.344483386452277 27.11281952159871 13.06419981102213 6.432164060837832 13.064199811022128 14.93411831402803|
|35|1354.616631812159|321.95014708344274 395.2340079914283 202.1286634344211|7.094513549481502 1.867265081644081 4.597268418604135 1.867265081644081 29.35232867752356 7.710176250421616 4.597268418604135 7.710176250421614 18.972081132688487|
|36|580.2130005383192|346.4542579428532 403.16559619092317 202.09948504710937|4.7683185458762205 -3.58717144685584 -4.832606989636389 -3.587171446855841 16.142484487091927 12.462092474005601 -4.83260698963639 12.462092474005603 15.206304644378013|
|37|733.178872052592|310.5832261479944 419.63357897997037 203.2931177500198|4.121409575968083 -0.5459909883844285 4.145221156525196 -0.5459909883844285 18.653358164839688 4.2075091157676 4.145221156525196 4.207509115767599 12.551761668089258|
|38|967.2966329227575|327.2012395432459 416.5189513689983 234.568958986476|19.039871877184012 2.7962569249854745 -0.9290903986045329 2.7962569249854745 16.401846065102493 -1.143991814600669 -0.9290903986045334 -1.1439918146006685 6.267279624620842|
