# Created by create_gmm.py, IMP.isd version 2.13.0
# data_fn: Abinitio_largedataset_homogenousrefinement_MHR.mrc
# ncenters: 50
# covar_type: 'full'
# apix: 2.0
# num_samples: 1000000
# num_iter: 10000000
# threshold: 0.211
# force_radii: -1.0
# force_weight: -1.0
# force_weight_frac: False
# use_dirichlet: False
# multiply_by_mass: False
# chain: None
#|num|weight|mean|covariance matrix|
|0|0.020714487093360292|375.2925720593943 345.2712446286688 253.84947656869898|81.56762820762859 -6.29412707000386 20.31375185406588 -6.294127070003853 114.64659756036536 -21.633944153658554 20.313751854065877 -21.633944153658547 107.78145252530689|
|1|0.0191027249355322|336.0545938207202 331.1543381428505 404.4744031401716|125.86336843063302 1.2095860724160516 -26.723085445998883 1.209586072416048 139.21806381331055 -1.914238742570726 -26.723085445998876 -1.9142387425707266 126.05549344578927|
|2|0.021697228635594118|361.5483923141542 395.7727816097576 364.3616769617973|85.93393221912088 -30.623262089414336 14.11185168398066 -30.623262089414336 152.74268985473074 9.766019309470595 14.11185168398066 9.766019309470595 113.20069610423197|
|3|0.021386990773252942|347.9124525579125 302.0010174636072 275.86524715841074|130.10209515060137 23.949233543999966 -13.445334831355677 23.949233543999966 93.00798686464051 -30.948888441950995 -13.445334831355666 -30.948888441950988 121.56850512408514|
|4|0.022313138620127834|377.4318641413193 311.50153962716047 403.0039251526029|65.9730475133469 25.566500236379667 13.497524264482054 25.566500236379667 121.85543434250694 -2.0913354454824002 13.497524264482053 -2.091335445482403 119.23102620814898|
|5|0.02125504594617513|366.40229257792805 367.71237786810633 335.753867047021|95.62660592925674 -8.844154379421745 -7.984699145906095 -8.844154379421745 187.6630187145372 11.17143988264786 -7.984699145906092 11.171439882647856 143.74033680256161|
|6|0.018922008902684966|349.1437274330104 358.63846236761975 427.11000858980435|107.53592308557027 -9.33120950579227 -26.991653508373048 -9.331209505792273 125.03427875256827 -21.732579756454477 -26.99165350837304 -21.73257975645448 129.09409355950905|
|7|0.01911686083700696|320.95780765725414 301.0967667595532 329.63747647125814|98.97628259852277 -30.77873776893922 11.856544053846832 -30.77873776893922 105.29160469108125 43.3997566911264 11.85654405384683 43.3997566911264 133.1295886779327|
|8|0.018700858768056914|327.9977309374753 397.0824318214673 389.6539117929407|63.266314335143264 21.6325550259813 -3.2518687554809578 21.6325550259813 146.2504052972296 -9.631912723452295 -3.251868755480956 -9.631912723452297 116.59480806528013|
|9|0.023984212017931706|332.3366218186318 336.152000917707 436.22861781825867|79.47101891345721 1.1205596707618035 26.56193706223017 1.1205596707618035 136.36769342722818 11.252101899462012 26.561937062230164 11.252101899462012 100.05259988439234|
|10|0.014475918202854352|366.73546383179604 356.1291721548194 368.36720332872403|124.06975716761698 -0.5702143587199617 -4.548015942365983 -0.570214358719964 148.96977187846153 -8.156486174128663 -4.548015942366 -8.156486174128665 115.1121343993675|
|11|0.017981094432816206|319.09648455620976 331.3008761884685 342.5199578228878|115.42611026659864 3.8022635226617965 15.44957941185021 3.8022635226617965 167.6807494677893 3.619144995981899 15.449579411850216 3.619144995981898 89.10426781468075|
|12|0.022964328720769794|339.69854605231075 356.4475513053115 272.4201972372714|149.38969839348104 18.413248559813773 -19.035750496439835 18.41324855981378 109.75946409016598 -5.562051173383156 -19.03575049643983 -5.56205117338315 142.37773754879296|
|13|0.01952160772622828|354.7056693799484 379.65380022280624 275.1252771586686|139.27852524138444 12.575779187226214 -4.634552757901692 12.575779187226216 67.76714724283987 8.32958980215587 -4.634552757901692 8.329589802155866 94.95994940962792|
|14|0.016728619292898327|369.5265154242951 361.8781578553964 300.18615485333675|123.62093907353108 -10.38188052059883 -8.012877779986933 -10.381880520598823 114.831874463511 18.47210002496717 -8.012877779986937 18.472100024967183 138.51879867518107|
|15|0.01595648840039478|354.5511124947892 337.343232141122 316.3790215480513|142.96125333696946 -12.326564015995144 2.471711319945821 -12.326564015995144 132.655071039432 -2.14386512613339 2.471711319945822 -2.14386512613339 226.77212435141317|
|16|0.028255272661800553|346.40472440780127 419.0953780968323 374.37330733055967|111.82658490464195 -22.845515069554253 -9.897492989792697 -22.845515069554253 73.3980159992132 6.759533839118324 -9.897492989792692 6.759533839118323 86.85676102760159|
|17|0.024704300758280517|363.39753481123427 292.8595188582079 418.47831531829263|99.7796773602686 6.2012489258047605 -4.5374383065500385 6.20124892580476 51.487795027969234 0.46938172983393134 -4.53743830655004 0.4693817298339309 121.21243787864707|
|18|0.020663074492705366|363.64551774869733 322.7045158368982 254.1607566172473|97.63409363505882 10.120772879320077 11.402170588438686 10.120772879320088 89.50699375401274 -27.013056460281305 11.402170588438688 -27.013056460281312 113.31191574449274|
|19|0.016562492061871166|331.9337788404689 374.33431958063966 330.9177260915926|108.86298806729246 15.209548149846249 5.431491688308611 15.209548149846249 151.51512842494304 -4.8968093255223835 5.431491688308611 -4.89680932552238 138.3189888350479|
|20|0.02370064992454365|360.83228923013587 368.09413086632713 252.92686070818715|145.03097864790035 -6.252226945256906 -7.93533078532467 -6.252226945256906 79.85162561143781 16.368185843010714 -7.935330785324666 16.368185843010714 79.9473833403677|
|21|0.021246464194576677|324.85438869933506 361.8206370430323 421.2033071261822|77.78678169918295 22.369659160377747 21.320762980135758 22.36965916037775 137.59849983917263 13.873769529211032 21.32076298013576 13.873769529211033 123.26058418347857|
|22|0.016937254979221387|354.296587142516 307.0726872094426 301.01809627254636|104.01498956079097 23.51079746183832 -21.326267894158814 23.510797461838315 104.95913773020135 0.9359187793958839 -21.326267894158807 0.9359187793958821 139.47325981595515|
|23|0.019388772257453193|371.0721916835684 311.09246584764963 428.79690857631465|68.9838824724969 -8.231888876056901 -1.6159808187836031 -8.231888876056905 101.45816178610914 2.814871897516298 -1.6159808187836047 2.8148718975162956 99.77221970056942|
|24|0.023777278285247037|342.0753850361302 417.63981343335973 397.8956789093964|84.43737659625421 2.7286264762367107 0.5286807771529438 2.7286264762367103 91.531959472388 -42.61011617991356 0.5286807771529443 -42.61011617991356 91.94453387937617|
|25|0.021105934227353358|353.3982191582907 306.0001972450758 443.31575871815187|102.0518825382724 -26.26231132689017 6.416452122396178 -26.26231132689017 107.90183595138042 30.883648359162443 6.416452122396166 30.883648359162436 68.81615034096095|
|26|0.01658535398542052|323.74764487007366 325.87602164045717 291.1513750755079|105.46469311825562 -10.88210163210258 -1.7064626736092698 -10.882101632102588 130.92483193637582 -23.95753609136615 -1.7064626736092805 -23.957536091366137 144.42918732549634|
|27|0.0206270613314771|371.504682395212 336.2839594115346 416.67141476777886|93.49209632538061 -24.095750299838745 -12.80024133806129 -24.095750299838745 119.16162323122484 1.6713067331382376 -12.80024133806129 1.6713067331382474 131.74887992286963|
|28|0.02078492111193362|379.7572124606624 362.66446649378344 272.46480912687935|70.09148137612024 -27.78332411019459 3.57129712381278 -27.783324110194595 137.0461207526129 -11.046207317702226 3.5712971238127804 -11.046207317702224 129.78463596872967|
|29|0.022451600194820617|339.1575127308528 407.1021837718829 358.4019532928343|95.02772984595873 11.164224398536874 -23.168587091967343 11.16422439853688 91.14805677180246 12.148389669756526 -23.168587091967353 12.148389669756522 102.62776634543202|
|30|0.01830662884347453|336.61538413197525 327.92372715402576 261.1597792394509|101.50370724459071 -10.665011653893291 -32.00883193597704 -10.665011653893286 139.4146305736727 -12.261151340181428 -32.00883193597704 -12.261151340181433 90.74212578799751|
|31|0.016909032891224907|332.7630891704503 362.360216508406 390.349998911475|124.43426810930978 -32.95240674505842 -3.4009456439445316 -32.95240674505841 167.83881742604427 34.20951424681354 -3.400945643944535 34.20951424681355 160.20310041397818|
|32|0.02058998809925949|368.0579224069361 333.1885916301328 279.77777066380173|119.6447550297062 21.442307860392983 0.5214039831322879 21.44230786039299 158.05581694607363 -13.468494619763746 0.521403983132295 -13.468494619763744 136.81518810617672|
|33|0.01746881566995282|368.3088973660394 333.40925803022196 385.94814148941555|116.87121684999398 -8.83587713183556 -7.444313112244267 -8.83587713183556 144.7592703183404 -10.745117374877992 -7.444313112244281 -10.745117374877992 103.12495571030624|
|34|0.02296517243243191|322.470222821664 301.61469970526446 295.21734334863754|98.85471714088874 -21.186803322249457 -20.361074154872483 -21.186803322249453 95.9307957303763 -2.245442074336154 -20.36107415487248 -2.245442074336154 121.05878883743381|
|35|0.018344309890923578|364.96954442830133 371.54197155919974 390.4568592644705|111.4121947636041 -19.18104059695537 -18.067799161382965 -19.18104059695537 134.66903814755926 -14.000608864627537 -18.067799161382972 -14.00060886462754 131.4430511698117|
|36|0.019651789704928833|342.08918208720627 309.44699838110364 328.1346288852406|104.15941108393636 -4.395683702457859 -5.84752685840111 -4.3956837024578626 111.96345311104496 13.117691056323395 -5.847526858401115 13.1176910563234 130.3436998944297|
|37|0.013847215623385933|323.46944994882455 353.28393048022195 308.768510225148|123.86813059678252 4.646376963893491 -21.798642802366786 4.646376963893488 143.79723514722735 -14.843189040125786 -21.798642802366793 -14.843189040125793 165.90634398483462|
|38|0.023160132372430527|352.468160783316 344.3078272381148 244.1081347261079|114.33558566700918 -8.4717441152129 -25.902833945479525 -8.471744115212893 112.649036571968 9.364557789682898 -25.902833945479518 9.364557789682898 75.50331766931377|
|39|0.02171540909473994|354.6701781254984 304.36692655286174 400.29810603520565|101.29387998738397 -7.239164978590512 -7.41274538649982 -7.239164978590516 111.89628762084368 -17.563548067799506 -7.412745386499829 -17.5635480677995 77.42006234170304|
|40|0.022276655002140898|342.0950005116304 390.5887724577524 411.4999626232451|113.65027859270607 -6.927894849717664 -6.740963934973083 -6.927894849717664 123.99277130682977 -14.841867313703478 -6.740963934973092 -14.841867313703476 81.23097185046593|
|41|0.016862644415005186|341.62578518687616 380.05855950490655 303.1675146322766|110.33712661647323 6.467336170297746 -2.939980438308717 6.467336170297746 114.02732237906025 10.781360315439315 -2.9399804383087123 10.781360315439315 131.6170121989017|
|42|0.021229399902075678|356.45478767814876 332.2363262093146 441.49320876595255|114.49428096243864 -1.7432450115488067 -14.42282701272304 -1.7432450115488072 110.74823028278263 -3.7602987641055634 -14.422827012723044 -3.7602987641055634 83.34852539891781|
|43|0.022364254440826365|337.813168657056 289.444014933415 310.0926958827933|114.48303824540118 9.750151841528174 -14.045473776153484 9.750151841528174 53.02505300278503 13.021039547575867 -14.0454737761535 13.021039547575867 142.70058575075052|
|44|0.018651158393414947|356.60175121213837 400.17173400710107 389.71788565525895|88.27716133744569 -8.806810995680067 -2.0529839002622534 -8.806810995680069 112.78640880452927 -16.739977245537588 -2.052983900262255 -16.73997724553758 103.28772298961889|
|45|0.0156871788202072|334.0312736941716 380.35477621197833 368.9412041856397|146.05490361100615 -3.8595213766951213 -2.5127671857415192 -3.8595213766951284 126.31881561269901 8.467996997459224 -2.51276718574152 8.467996997459219 110.37438782799762|
|46|0.020199692207005893|342.74053960193754 309.87208766532603 422.16381041226094|102.36952998867731 -17.928610640705948 7.058340992053971 -17.928610640705948 116.43780500889953 13.6751956030427 7.05834099205396 13.675195603042702 97.23516322837703|
|47|0.02084477215648838|356.4956570356835 394.25665015469554 324.5880116403022|136.6572594146294 -16.74305546232985 -17.72299871591921 -16.743055462329856 95.58145388630173 4.777884176313602 -17.72299871591921 4.777884176313599 109.85271886284991|
|48|0.018214101112484327|362.37431225414286 389.98305368466845 296.8752032059311|107.36377582577389 -31.651696464968627 2.0616512775818236 -31.651696464968634 80.176018473151 5.858736582362031 2.0616512775818223 5.858736582362028 119.10607758879658|
|49|0.01909960515518262|310.1451275734894 324.22488513864096 318.4995654383432|95.21432608931033 -2.052777197541304 -4.868349799688714 -2.0527771975413045 112.05271941526333 -7.507518364341514 -4.868349799688714 -7.507518364341521 139.93348218489277|
