#|num|weight|mean|covariance matrix|
|0|784.4016285482672|366.32545163211563 392.11926331433466 313.22071710230233|4.665810587317183 3.854604084917449 2.273761202211136 3.854604084917449 23.38593914489132 1.95266928530716 2.273761202211136 1.95266928530716 6.759946974597686|
|1|713.6919465888557|334.1347926920673 375.99663334521404 299.4064147642396|6.3390472569584055 -1.6396649822407978 -2.381389980387863 -1.6396649822407974 14.027211697927513 -1.636051762052122 -2.381389980387863 -1.6360517620521215 6.284129815364277|
|2|1134.1991003696241|365.00470943800485 377.75847704513984 286.1819064906476|12.080730288187311 -2.8389403737122114 0.94815157770841 -2.8389403737122114 9.827178492336891 3.825016590834196 0.94815157770841 3.825016590834197 23.809282224113666|
|3|912.7076154170114|357.3869157794623 394.2681238675341 288.70374409963375|12.683159572645657 -5.837483969811835 0.5451810314845744 -5.837483969811837 17.04242374029288 0.9246732130699824 0.5451810314845746 0.9246732130699824 8.199162057313442|
|4|1460.117345193688|362.14962142575996 377.8355691312124 313.4331101854996|10.91767315178984 -1.500636700802116 6.8167109126239875 -1.500636700802116 30.82000538669766 -8.963990347668563 6.816710912623986 -8.96399034766856 21.112250943924483|
|5|1090.3544729718833|341.66749391299174 376.4025766541051 306.85003802722906|10.839330963317371 -6.786194733040225 3.7920586275080588 -6.786194733040225 32.78209398021727 -8.041257735005715 3.792058627508058 -8.041257735005715 7.73410021624033|
|6|1463.587252946105|350.68194137551427 384.65928570484954 304.7002914151699|27.554156729090636 2.10879169902871 16.226777997197022 2.10879169902871 17.42730589790801 10.159710374284165 16.226777997197022 10.159710374284165 29.062307055352793|
|7|1220.0093765064687|360.77993354155967 382.66118219000526 324.38931555681|9.331463693055076 1.38556426928138 -0.8223060437642935 1.38556426928138 34.26726930761363 -16.00893563606114 -0.8223060437642935 -16.008935636061135 13.357517526402239|
|8|1080.4103725963103|373.1946733748078 368.5859403634485 297.7374659284093|11.163363786079875 -5.412599479071957 5.4557654291518 -5.412599479071957 9.68922610918499 -5.751865342358805 5.455765429151801 -5.751865342358806 25.279936220569443|
|9|1229.1638801255228|369.1566701446143 390.72715409749344 302.8169749771091|7.749385667154199 -6.679531177087851 2.3421596807621388 -6.679531177087851 28.220708836476106 -8.854637394887833 2.3421596807621388 -8.854637394887833 11.543256497414738|
|10|1079.2948104994423|349.80695781267383 395.33689441832513 295.06420551316495|9.19053009276238 2.1217491400465924 -0.7771568868588362 2.1217491400465924 23.580132749647145 0.533255575788299 -0.7771568868588365 0.5332555757882991 5.039866690873355|
|11|653.5148125362448|342.1635236176025 387.92195327604276 310.55826867545363|8.723159937616833 0.28555749695855326 3.1175435369673634 0.2855574969585528 10.604343560172268 5.98436692364447 3.1175435369673634 5.98436692364447 11.963084317770171|
|12|827.2743493647291|350.93123008850097 367.62100640760815 308.7888365076475|12.817044067570324 10.60716085009842 -6.965875898531776 10.60716085009842 22.4469752552896 -6.063466371711081 -6.965875898531776 -6.06346637171108 8.993078499421017|
|13|349.70049425899754|368.7326229306854 397.07980265942535 279.6286220319323|6.870489323691345 4.6680117027971395 0.6758968944819519 4.668011702797139 12.281467191631727 1.7367618941480334 0.6758968944819519 1.7367618941480338 0.6471244395122399|
|14|630.7488899088139|378.1447369302809 373.14306564010946 289.86863473975757|12.110855690691865 -0.6499991305662723 1.5719446312458238 -0.6499991305662725 7.153860131095261 -1.1699514122556174 1.5719446312458243 -1.1699514122556174 5.555904761799143|
|15|808.5302669451522|358.7377926048936 373.1550630775477 323.69104800272027|37.1253140403745 -13.790646483660574 7.7751899505176665 -13.790646483660575 9.667130890664131 0.6362608075429161 7.775189950517667 0.6362608075429157 6.790260636361898|
|16|1610.0664171708463|345.6513090855222 369.7903293848131 299.1911576415212|18.394104732544264 5.5402884878839185 -1.2834739229292063 5.5402884878839185 18.136744287303205 -2.4977056955636012 -1.2834739229292054 -2.4977056955636012 13.040900453721866|
|17|1003.1842043995482|350.4607181059403 398.05116250329314 303.41353928729916|8.972955488345475 7.05233347837774 -0.3456556612931193 7.05233347837774 25.121296864707585 -0.5246433362781717 -0.34565566129311937 -0.5246433362781717 5.0195415400735675|
|18|1290.3420900992714|363.3253986671329 370.1017024556511 305.1707819743622|16.809257997033537 3.4978740508418658 -4.265929560899146 3.4978740508418653 11.399524739512659 -3.435591024668285 -4.2659295608991465 -3.4355910246682857 19.87480046468138|
|19|1096.069668389288|354.70777342650194 393.1490696000197 316.65765598532954|19.384483190102365 0.8050665473603722 14.444169817004507 0.8050665473603726 8.268596885144216 -1.6511900356053786 14.444169817004509 -1.651190035605379 24.5077084449033|
|20|1803.6643176917307|350.4950925012566 379.3171812143974 315.7452173413057|33.625999754371406 3.846535751034099 8.932393529508287 3.846535751034099 20.219135238238763 5.304157911463513 8.932393529508287 5.304157911463514 9.351084881059405|
|21|1299.4757044372234|340.70163492102273 378.6442817336712 291.5926549420286|20.75738186567175 -1.9064452391980162 -1.044119491280323 -1.9064452391980162 20.237563153856787 -0.040483556653557115 -1.0441194912803233 -0.04048355665355707 5.360117309971426|
|22|816.0626748727566|334.68820246003116 367.32574547531505 293.8859634332278|13.310706805249609 -0.11669951318136762 -8.828921760109655 -0.11669951318136762 10.312384305114751 -0.4736545966552042 -8.828921760109655 -0.4736545966552042 10.526524607120004|
|23|1052.370219612521|359.11238395657085 393.73297926451676 300.79354250408295|6.384335417074509 4.007143239901328 -7.865813241771987 4.007143239901328 14.471135592343426 -6.9416698945601985 -7.8658132417719875 -6.9416698945601985 31.9557184218316|
|24|840.0266203022188|369.05544121381894 393.2497252684027 289.62200782368654|13.809497498946996 -8.769892316138177 1.9308925396915733 -8.76989231613818 15.144690975975077 -5.80415743215242 1.9308925396915733 -5.80415743215242 7.579915630442876|
|25|1291.3573101552852|352.30808859383023 382.14152114773424 290.6722192162894|9.572965844930996 -1.8265513051345694 -8.689350073330322 -1.8265513051345703 18.59833412082709 -4.854066875671091 -8.68935007333032 -4.854066875671091 33.167474026109936|
|26|1091.9121038545784|358.73731962270443 387.3754134176226 280.3022962205053|17.605504032113043 -3.558026448560708 -1.1854497478142474 -3.558026448560708 13.91448429023048 2.2153756506475037 -1.1854497478142478 2.215375650647504 7.484765620912725|
|27|1210.1478035528335|375.26749618130106 381.5959411659308 297.42349433217043|7.23847885083326 -7.091540609536281 6.505651627282324 -7.091540609536281 28.81347272967228 -7.820659066519487 6.505651627282324 -7.820659066519485 15.604824989478148|
|28|645.3200472279277|332.04749617608184 366.58170504965204 304.1692733339912|7.552574397693304 2.356792653398915 6.307636634837842 2.356792653398915 7.299361562686957 6.571245336543719 6.307636634837841 6.5712453365437185 14.523939577791262|
|29|250.60523724445466|372.33877413439893 386.2013585350353 314.9082095681038|6.010663672042683 -0.2630389111875022 -3.6234420992490595 -0.2630389111875022 12.323133920875321 12.433500802811341 -3.6234420992490595 12.433500802811341 15.089544099669649|
|30|631.2666781883239|338.3235626633969 388.0274583807232 297.39324703568144|6.621140627462682 -0.859206913404799 -3.8085013925234956 -0.859206913404799 7.3283831259749315 0.1789256462295583 -3.808501392523495 0.17892564622955842 9.8525232005473|
|31|1512.1591310275896|360.55555153075727 371.0516401376125 292.5337999902109|16.168111418712108 -7.854879068766829 -1.2704580349077386 -7.854879068766831 20.539637801348743 1.9745467212749876 -1.2704580349077386 1.974546721274987 13.287855210637746|
|32|1192.9923063061728|372.1864622483544 376.0057961737454 309.1074762692877|7.696464200675079 -9.449376355032328 -3.044728035943119 -9.449376355032328 24.011444555206296 6.877302256483718 -3.0447280359431192 6.877302256483716 26.664858157501314|
|33|710.2417090896753|359.21335650544756 398.89690860800744 309.26182501311706|25.727662583889813 -0.12384181365435201 -2.919170678865061 -0.12384181365435207 5.526803580976672 -0.15618597506448784 -2.9191706788650613 -0.15618597506448795 6.603939665926776|
|34|1582.1478092031668|373.4869468208166 383.80006448861536 283.09089117233964|15.980219618021922 -13.254291479634125 7.618739675234197 -13.254291479634125 31.78756057360059 -5.551595961136257 7.618739675234199 -5.551595961136258 11.938811311676947|
|35|2021.1343695067878|361.8785745098306 382.30056429154706 298.0673488449716|18.67562465633231 -2.656595538484842 -4.4284613479855395 -2.656595538484841 24.503034725483573 -13.315196406796927 -4.4284613479855395 -13.315196406796929 35.65441803358333|
|36|842.4486628901095|369.82321717778103 378.23291708389445 322.47230136604526|4.707300424150531 1.9399016125975916 0.6904541365480893 1.9399016125975912 28.017665811250236 -3.7636595769876684 0.6904541365480887 -3.7636595769876684 5.342152409190709|
