#|num|weight|mean|covariance matrix|
|0|952.121092995508|344.461206934644 387.96281292108796 366.1025935480473|18.298656742550584 8.167606966979898 -0.947941887612854 8.167606966979898 6.904523293261363 -0.3533334079701995 -0.947941887612854 -0.35333340797019985 13.202237764176157|
|1|1079.98833882358|353.4234739598649 418.96628902006177 387.2371777477939|69.67586227819042 -9.227619902831895 -3.732869478892459 -9.227619902831895 7.870863097212441 -5.907389743355542 -3.73286947889246 -5.907389743355542 12.435982097849994|
|2|1078.6178669565988|348.14578082834606 412.44671800504045 362.86194849575065|15.912714188925682 -6.564486357193667 0.6713081673653827 -6.56448635719367 17.2971847930184 -2.637893908555856 0.6713081673653831 -2.6378939085558555 9.375270208452408|
|3|754.5188671076359|328.07121473663983 407.3391987813766 383.3753228115228|10.90503372987541 8.457182122362505 0.37832383597807184 8.457182122362505 20.535568558977037 -0.16518877242200847 0.37832383597807195 -0.16518877242200847 4.812761664269565|
|4|734.8018131168441|371.2150315393039 398.0973438419856 385.9636769145743|9.671409420628132 2.438470157216834 7.905130612612287 2.438470157216834 5.1331426213916185 3.0476627704148 7.905130612612287 3.0476627704148003 18.627248316181767|
|5|1218.999167231242|339.1561340151152 402.50085825359037 370.1936712506639|14.11294894199204 -3.093891867355608 5.506975597281019 -3.093891867355608 26.479304905356397 -10.639759698890014 5.506975597281018 -10.639759698890014 11.748025322952872|
|6|535.968756919499|331.71686603522517 430.8545368694862 384.44840929882906|8.987898381035995 -2.1849238704482077 3.0349744674845405 -2.1849238704482077 21.789830645809996 4.169888903777903 3.0349744674845405 4.169888903777903 5.526273848799443|
|7|953.8441485105056|352.1055263490586 422.2593252915034 376.504685176513|6.160831472544211 -1.611143349327674 0.3151449530372573 -1.611143349327674 23.764672118323098 -14.994063524423732 0.3151449530372574 -14.994063524423733 15.49756966125904|
|8|877.2819545297878|336.260368304014 413.85984963000794 393.51580203751047|11.195868039780931 -1.7169172598370968 -1.2474516334550756 -1.7169172598370968 10.4793844759508 13.515422793423678 -1.2474516334550756 13.51542279342368 30.072350715701354|
|9|1373.7335016701768|337.7026539072534 400.593683007475 386.1504636854317|18.58116022237183 7.415608561449114 5.840368123496677 7.4156085614491145 15.450968711684402 6.41392382984469 5.840368123496677 6.41392382984469 21.525978429973016|
|10|453.11439761788745|357.78267860402264 407.945009990376 365.09065720684634|12.66092257246584 7.9493636442496465 -2.7709643482345125 7.9493636442496465 10.337721526272865 -1.4895542039104648 -2.7709643482345125 -1.4895542039104646 3.0890566910965616|
|11|1583.298827192026|356.462272546861 410.1716912422142 387.4459025652726|30.608599356096466 1.3447912470394865 13.712596843835232 1.344791247039486 12.846980709891135 -3.3064372281209806 13.712596843835232 -3.306437228120981 21.70226676682874|
|12|1267.6405913187325|343.3412197631377 427.8128245883499 378.89057622348923|21.301418738484802 1.7851234927122346 -4.487224806479053 1.7851234927122346 7.549615591965969 2.0672124978466893 -4.487224806479051 2.0672124978466897 17.815646508616947|
|13|791.3266681472137|330.8223382046235 396.93727603715666 376.85121016061225|5.234236534580366 2.2040437393043515 -6.461282396544497 2.2040437393043515 10.202433998157337 2.8819719327975553 -6.4612823965444965 2.881971932797555 40.85549291175342|
|14|1037.2271262095824|343.9048288150375 402.59968742588296 380.98504009030825|22.834735235314174 -20.73420563140994 -1.311347751015115 -20.73420563140994 32.881069837179034 1.0271426425212966 -1.3113477510151155 1.0271426425212966 12.08622390596992|
|15|607.4612828420181|367.9019217221931 404.3949369691628 394.3034781077199|11.88628256691439 -4.01511044212044 -4.816429857923225 -4.0151104421204415 7.312930815147072 -0.922403145291915 -4.816429857923225 -0.922403145291915 8.861401833853558|
|16|1736.5315779620491|343.0078673312331 400.0739804105544 360.2798979510696|11.691823108573004 3.94229103306316 0.6011911225636175 3.9422910330631593 37.56805400452096 -8.560548027318749 0.601191122563618 -8.56054802731875 11.73603058981355|
|17|950.2946195187967|338.70812243153966 419.5288439836849 368.855990155368|18.917505721675223 -0.3583336563634658 -0.7416956613239979 -0.3583336563634658 9.418527418584041 5.770233764610507 -0.7416956613239991 5.770233764610506 18.234813029647317|
|18|1454.128419214775|351.7522024566406 410.1160307172719 374.19720834256617|33.16115305334231 8.7020468248617 3.094446728682038 8.702046824861698 15.331880147763588 -1.6859271712249404 3.094446728682038 -1.6859271712249406 13.332535592477047|
|19|981.7169178955702|350.61046870419216 421.4391527358276 366.65606412017644|9.472135308757197 -5.229651420849191 4.406090390181324 -5.22965142084919 14.90720776597589 -6.112251936179794 4.406090390181325 -6.112251936179796 11.332948551935297|
|20|707.7996598005371|354.9610834493366 393.2917692334368 383.0060923769862|9.147402809213894 -5.732700750241926 -2.4108673107806866 -5.732700750241926 17.336350285262412 -2.750644171921005 -2.4108673107806866 -2.7506441719210053 6.5077169404878665|
|21|1190.3863637115523|361.7160382374657 404.3985970863305 376.0598166078906|6.655501960035321 2.6911212030353524 0.8946661518091441 2.6911212030353524 26.58329690009497 -12.650782598165193 0.8946661518091445 -12.650782598165193 18.38487363895199|
|22|1244.0072812025242|344.06245064512615 425.5096238631525 392.5043647468505|13.50080351653716 2.516667720967301 -4.174850489048659 2.5166677209673 14.46030860859223 -5.160763508651584 -4.174850489048659 -5.160763508651586 11.262386055835428|
|23|1553.169400219648|352.48302412642613 397.8440034867135 370.54950793102654|28.575304265919296 3.6295933524893966 3.554657847482946 3.6295933524893975 8.979987820877085 -3.551125013992949 3.5546578474829467 -3.5511250139929498 16.477012944276815|
|24|861.8003326257112|334.95389617291363 404.6982470627285 393.9442695386444|18.46730028012374 -0.08630040603944034 9.934364726981986 -0.08630040603943989 15.24783564827125 -2.792638650231929 9.934364726981986 -2.792638650231929 13.462205231308124|
|25|1661.1885549824217|341.5066315969773 416.205433334838 380.87452131632807|9.220153573891332 -3.054277548414417 -11.094112886554603 -3.054277548414417 25.916921875625384 9.463467656693153 -11.094112886554601 9.463467656693153 40.35696741143491|
|26|686.0065527242288|327.8542487642295 399.29157868992644 391.31344783822885|2.688910912443972 2.951476002865049 1.1784242621311365 2.951476002865049 27.08467536553664 15.052063358506379 1.1784242621311365 15.05206335850638 15.730984960853501|
|27|1155.500006996494|329.3289924015497 418.4594736737735 381.15058656045653|9.948941295530942 15.064681488986208 -0.7292576479714207 15.064681488986212 36.14490081169984 0.7744122427433433 -0.7292576479714207 0.7744122427433433 12.358549654021004|
|28|1149.8848927213712|325.1913628323182 412.6130012589421 394.253503417091|10.191090976472033 8.700748011967868 0.34329609715687837 8.700748011967868 24.118325473247154 0.21114886420295248 0.34329609715687837 0.21114886420295248 8.932976325365395|
|29|1089.7981112577954|345.8052779320213 409.92563431188404 391.60012140101287|12.122440461611069 1.5138261337008956 -10.173575669086434 1.5138261337008947 19.86629935718557 -7.440255943533784 -10.173575669086432 -7.440255943533786 19.587576531677758|
|30|793.6648626887213|341.58658143683033 393.0343355572481 378.9582522662763|5.321000006036329 0.8130136502285232 5.832087377920066 0.8130136502285237 9.572819190522262 6.751523746610173 5.832087377920066 6.751523746610172 33.72954064113643|
|31|1779.274513229286|366.5083008297327 412.3712724979969 382.68879340346706|14.295847807549325 -14.886052724517123 6.898982283355911 -14.886052724517125 35.20558494883154 -16.48726819466176 6.898982283355911 -16.48726819466176 25.49755132797529|
|32|909.2169152893425|333.9528211492499 391.55168590809774 365.99391825337926|5.375545233756551 -3.129150737233581 3.1952510042439126 -3.129150737233581 26.12461170998477 -12.763489387167501 3.1952510042439117 -12.763489387167505 11.953664197690888|
|33|1038.6052202612916|330.29028858814456 424.9903022478283 391.69263373860696|14.515407339963618 8.739651093889796 2.567228827235568 8.739651093889794 17.1916256766893 -1.8091696514878075 2.5672288272355677 -1.8091696514878075 9.34461065516844|
|34|704.622379982617|334.51618752130753 409.90386646574854 361.55510735914424|9.380481662751132 8.931348490987016 1.2317079798271386 8.931348490987016 26.35841547548806 -2.8186088914015026 1.231707979827139 -2.818608891401502 5.436488111063483|
|35|1192.775199065397|332.342308325311 409.6483808978078 373.83155678150325|7.444373633346299 4.564586231419563 1.0377153980738552 4.564586231419563 36.0900154522152 -5.97309229867868 1.0377153980738552 -5.97309229867868 8.427924300156597|
|36|1090.3855174604491|358.42709453165213 400.58629498214276 388.3073368959581|16.726666758839357 -2.6738539320857027 1.8552568125060738 -2.6738539320857027 9.914815799863984 -2.135364611150359 1.8552568125060729 -2.1353646111503592 12.8486563728105|
