#|num|weight|mean|covariance matrix|
|0|695.184877949163|358.13052493138485 384.09152438211515 345.673880956074|12.844040180490062 -7.734316903459434 0.21483573770545394 -7.734316903459435 7.588864375484109 -0.843982139083487 0.21483573770545383 -0.843982139083487 8.221720647714733|
|1|619.5698568328453|357.4869818722844 430.3310890599227 368.9871848713281|4.777415076993031 -8.438745154522072 -0.7275683867783865 -8.438745154522072 29.4982547827305 -0.6417466125956264 -0.7275683867783868 -0.6417466125956264 4.6217199702356115|
|2|1296.439346326277|351.35109519188063 407.81078682635894 352.39595577038483|16.9194408338706 -8.175912230571905 0.7209185396563087 -8.175912230571905 17.816531056383468 5.334503886397979 0.7209185396563083 5.334503886397979 10.272811868154152|
|3|1322.336320920133|363.3352463466634 382.07480981134495 379.6518393557947|21.29699954924203 1.6026611863822189 -0.7733800454052808 1.6026611863822189 15.698467997853948 -0.39250473203914105 -0.7733800454052808 -0.39250473203914105 5.286459769824962|
|4|788.5581953426152|352.81657537838623 418.1270879555193 397.57376966511504|14.887324656907866 11.58536190541909 -3.4825639875574357 11.58536190541909 21.173924296668936 -8.319059439815751 -3.4825639875574366 -8.319059439815751 6.5332006564161915|
|5|1226.592749149588|346.97014315219457 395.7049538020221 346.80451506927477|20.152657265536853 -17.33047901908867 -2.272587607878641 -17.33047901908867 25.895189459243383 0.6788925899855194 -2.272587607878641 0.6788925899855194 5.495081536922341|
|6|691.173307444079|361.33826899999013 394.2513688654638 342.0753940030633|10.29820382543755 1.3513529953999368 -6.454295998776433 1.3513529953999368 8.11539233627218 -1.0016186858684064 -6.454295998776433 -1.0016186858684062 8.025522246282026|
|7|961.9761459378874|352.5256741899347 384.2440791161281 370.7066814955376|9.076643249673532 2.919364865860546 3.587685744051689 2.919364865860546 11.981900938924575 4.796817458798983 3.5876857440516883 4.796817458798983 11.324207867814428|
|8|1027.7603856776786|355.1187235064553 427.3345079211735 384.178092537111|7.122010618596815 -10.140331060051054 15.311899928941296 -10.140331060051054 35.85795865194002 -46.20373753896774 15.311899928941294 -46.203737538967744 65.54988002695929|
|9|931.3475974989962|350.3797682318075 383.59841318448747 352.66580684490515|3.468257632908859 -2.6581444403076206 0.3296346804791266 -2.65814444030762 30.76655385263075 9.91534918892193 0.3296346804791266 9.91534918892193 9.527680299846446|
|10|734.9477506735718|359.52316540098406 417.3675863299919 363.2749459769485|7.137497162664623 3.1737977082574016 1.9571489816939724 3.1737977082574016 14.790089233288244 5.130846853263513 1.9571489816939727 5.130846853263514 6.3711251933574005|
|11|950.3612596278188|367.7928322235385 386.271962815987 371.7615019659138|8.203747782289025 -7.821955419773451 -0.8806371924386234 -7.821955419773451 17.121457878108135 -0.08662684997240622 -0.8806371924386232 -0.08662684997240608 9.505836581935363|
|12|1223.6968473784425|362.01111134993414 376.9747572743237 370.03777664827396|9.86705809085986 1.746880763734512 -7.177757456484602 1.746880763734512 7.783812799850168 -3.567278835476518 -7.1777574564846 -3.567278835476517 24.36174242335339|
|13|1132.5677633060172|354.3636327261356 394.8802798201041 354.4566305452264|13.689523085057628 -7.24760280880616 -7.032033021457139 -7.24760280880616 24.07623305722243 -3.8944872926580274 -7.03203302145714 -3.894487292658028 13.596923026654567|
|14|1054.2916143449988|354.435289760134 404.67512821924174 342.883180873935|8.68772685326115 -1.4755812957322152 0.3180508252064802 -1.4755812957322152 15.216399952620549 4.684974820401889 0.3180508252064804 4.684974820401888 8.579534504256678|
|15|1517.5634652559875|359.5024078662027 386.85829845392976 364.42923848083325|8.403675806738319 -1.273150470546389 1.1779717341581053 -1.273150470546388 8.774618075288702 3.2761609308234756 1.1779717341581049 3.2761609308234747 37.838085805864914|
|16|617.8121163341758|342.7228507484536 406.896166779893 345.5885247068912|7.645563280487586 9.681088449374728 2.732274139215002 9.681088449374728 23.779968994704838 11.552928077004859 2.7322741392150025 11.552928077004859 12.016855297840547|
