#|num|weight|mean|covariance matrix|
|0|895.9181080651895|351.9987189913809 367.52394085533905 324.1490544446988|7.98278176962149 -0.0317941771995649 4.809358084780913 -0.0317941771995649 6.576645087326465 -1.172523765437639 4.8093580847809125 -1.1725237654376388 16.185969767420904|
|1|735.1841061488502|341.9509196435302 397.0543499341193 309.1011500335857|7.66471040233602 -1.2649062096517119 4.300599056588691 -1.2649062096517119 6.088422705560474 -4.757932862917286 4.300599056588691 -4.757932862917286 14.565064520107612|
|2|988.2600933643482|351.88257129003773 383.179554614452 330.6980790365792|5.219509396790166 -4.211912205490277 3.098945660853854 -4.211912205490276 17.322772162264307 -11.679863572006607 3.098945660853853 -11.679863572006607 21.168158817942892|
|3|871.2807019993755|348.8898812914473 376.50059575528155 281.8419565432435|19.17111485346493 -11.475506842501844 4.597625757546405 -11.475506842501845 20.499855485327274 -4.330131529462131 4.597625757546405 -4.330131529462131 3.8784661256409656|
|4|888.4593717043808|335.3168267671899 364.109404069541 323.82607295970763|4.679421646798611 -0.8110083344116675 1.5042109975958589 -0.8110083344116673 12.691177966392797 5.361434319199628 1.5042109975958589 5.361434319199627 13.291759411089373|
|5|484.1234489352535|356.6074954281683 402.9365319763421 324.2827181032995|2.1788013016744308 -0.15921535375590268 0.6448606730108851 -0.15921535375590268 2.9473394299440274 1.7274542777584214 0.6448606730108852 1.7274542777584216 23.699447115202627|
|6|1201.9939393551479|342.4337334530981 359.40293542933046 318.6404661754727|17.057593360906523 0.5220599916890167 1.3817913310653043 0.5220599916890158 13.622187022650893 -5.565193040769419 1.381791331065303 -5.565193040769417 8.805955157998588|
|7|516.3285719403935|340.9386226470639 394.09494595577587 339.70063910177277|12.867839773958226 -3.170451141989542 -6.417259978999614 -3.170451141989542 2.7596405818410377 0.10425971332465855 -6.417259978999613 0.10425971332465833 8.878200284896181|
|8|599.1197609139582|342.94459298122325 403.31102956800805 296.57853644900644|3.251186273459414 3.9701640520485695 -4.023580308224079 3.9701640520485695 20.891942208804657 -12.404635776003385 -4.023580308224079 -12.404635776003385 13.662165788501166|
|9|1204.984936158973|347.67857902148444 400.42409240837924 331.96844301438364|8.726679941202912 0.6149959102653677 -0.7054804139174753 0.6149959102653677 8.172555486125814 -2.5549457579298602 -0.7054804139174757 -2.5549457579298616 17.63959462629931|
|10|1532.5285075957004|344.54728487846586 374.89905343740475 330.7699111292457|7.653083536309056 -1.1724035212642678 -3.0888320220893757 -1.1724035212642683 49.920009960384206 22.411622303930795 -3.0888320220893757 22.41162230393079 18.649979537683635|
|11|971.2317094910654|346.3890795670523 393.38987263781684 286.9247338161673|4.328826210929214 8.09989501330078 2.3292150422003615 8.09989501330078 88.24058313510365 19.793913553549316 2.329215042200362 19.793913553549316 6.478320249528942|
|12|1001.6237610811991|342.97077598511356 361.000531356784 329.9738171763817|9.576316033397024 -6.089737103078102 -5.320536674586774 -6.089737103078103 15.541974978862314 9.715041955680697 -5.320536674586775 9.715041955680697 13.892088569570722|
|13|1471.1660267697177|348.0473485335753 381.59497638410363 342.5391761135048|23.75313529024195 -10.975717351853834 -3.713171637193291 -10.975717351853831 24.448842627375136 -1.5289558188878094 -3.713171637193292 -1.5289558188878092 9.319252517204642|
|14|1234.1582205069428|349.651258993508 395.4613329528954 324.13903500909925|13.125175435408524 5.901977078933566 -4.494140214101029 5.901977078933567 13.052848809973762 -10.129388104239853 -4.49414021410103 -10.129388104239853 20.021002596412945|
|15|794.4381625895254|341.87189597246686 371.3950114302915 320.92822129156906|12.76627449584662 2.6609964294470365 3.4644968783419987 2.660996429447036 6.99590112425367 2.9446511274197205 3.4644968783419987 2.944651127419721 7.936873993361145|
|16|1401.3801733802438|357.3427639653746 393.6576599931483 334.2092862592008|17.201349509397033 13.651014947854994 -9.288905628638465 13.651014947854994 22.00992687839108 -9.815763141597492 -9.288905628638467 -9.815763141597493 13.925717607377926|
