#|num|weight|mean|covariance matrix|
|0|1196.3001783552231|352.522380910744 408.88323336376567 403.38903143536226|22.908587297748376 -0.09445269677790324 -3.3875215442270457 -0.09445269677790324 17.66867207586897 7.65913437960033 -3.3875215442270443 7.65913437960033 11.585463744507802|
|1|1386.2101591336702|348.63523122442973 378.5795123086302 419.2770985215391|21.17172455143325 4.493420082918641 -3.6161683313000395 4.493420082918641 7.263676967209488 2.5104513756267943 -3.61616833130004 2.5104513756267943 23.772290257011388|
|2|1240.3673899878147|338.06570117279205 393.25713431201297 411.8861122353731|12.377639862871245 1.8582313258860834 5.038831203410775 1.8582313258860843 11.146205007477532 2.451616141428621 5.038831203410776 2.4516161414286213 13.891896741336147|
|3|912.6898706730747|356.97758319779024 397.6167193395752 425.915899333393|12.353187760477452 1.3750919107328503 -1.1702248793701036 1.3750919107328508 10.284230581888972 1.3102544734982646 -1.1702248793701033 1.3102544734982646 7.730320057584449|
|4|764.8396358426237|346.67001432781535 395.37719556712153 423.58567962619276|43.03715344690496 -3.1906970843644276 -17.027884790988495 -3.1906970843644276 5.630187515525213 3.8867565632124044 -17.027884790988495 3.886756563212405 13.495603062869385|
|5|794.616480353079|356.44747444093537 423.5338913851461 406.56972129544465|10.812771393185626 5.441547170537014 -3.1976441418559296 5.441547170537014 12.49079467015295 -2.980438184228679 -3.197644141855929 -2.980438184228679 6.711708445879492|
|6|438.44521356201153|347.33244693070185 379.21276460807854 404.19679815637335|9.597257156363872 -2.9892300038600403 -1.8921571713732206 -2.9892300038600403 4.787689089277963 -0.041169689146243194 -1.8921571713732206 -0.041169689146243194 4.898779717758153|
|7|1112.8543515341748|357.5194740047961 370.58760305886295 405.65451776454506|7.923663730809518 -2.8365029383729943 4.727413253924745 -2.836502938372995 7.763759679002764 -4.785221359197452 4.727413253924746 -4.785221359197453 22.80151639120346|
|8|686.1776458805072|345.1843645654042 415.79134961695047 398.6556991007512|2.252741355953736 -1.422794545690567 1.3188039767664803 -1.422794545690567 5.371842919479274 4.465614899308899 1.3188039767664805 4.465614899308899 38.374929728593834|
|9|2216.3939973327906|346.01133120097245 397.49788543586664 408.09658206799196|9.983340843101674 0.4518759812630002 3.009630588051686 0.4518759812630002 34.75449182080941 7.824737499355077 3.009630588051686 7.824737499355082 30.268457370376094|
|10|407.5865565282677|336.2637043677979 390.8768770759739 402.0381751424574|7.0283076066027474 2.970835378756661 3.5646686858796617 2.9708353787566617 7.589985420803068 1.656082192022286 3.564668685879662 1.6560821920222868 4.569251089687784|
|11|958.2994421302656|354.6069438222008 387.2377012774171 422.2567571112337|12.123794867949005 2.6215486193305946 -2.5421979863019235 2.6215486193305955 8.951378252995003 -4.092782515847448 -2.5421979863019235 -4.092782515847447 11.785176690127006|
|12|1682.0644491400842|355.7248537406597 388.4579448193183 410.79105816001453|18.576993844253543 -8.332650912674975 -6.221892746465114 -8.332650912674975 35.23481880199244 10.55248288848836 -6.221892746465116 10.55248288848836 13.005210523761203|
|13|965.4002908862751|349.0982608746413 413.67423961759295 413.63026261555365|12.55341086966429 6.733029608153942 5.830523441712913 6.733029608153942 14.404976781868783 0.317004921044191 5.830523441712913 0.3170049210441911 12.44758347777733|
|14|882.0043975099978|360.80840053179463 402.16667041806556 405.33744304304076|20.59072290657079 1.3948087283866946 -1.357748337480648 1.3948087283866946 7.0725659569024435 -0.40940383180158035 -1.3577483374806483 -0.40940383180158024 5.147477301930539|
|15|2255.160558084206|354.8327878313418 407.26749507278106 414.7806277824254|11.303392962488896 11.14190980068517 -8.675049898937552 11.14190980068517 36.19358997780108 -17.9526993749224 -8.675049898937552 -17.9526993749224 34.6608648745444|
|16|874.422283066022|360.5268041574577 378.05319521379226 415.50110964910965|4.665840512411417 0.3681687334597452 -2.16992471939491 0.3681687334597452 21.240732847430962 -3.9956386819168337 -2.1699247193949107 -3.9956386819168332 9.820907526887764|
