#|num|weight|mean|covariance matrix|
|0|1107.7397826581641|345.96338247070537 344.067332665051 435.43268967045105|7.206524257466654 -0.8559539605469457 -0.18983928903419062 -0.8559539605469458 29.453437303350682 -8.312247375569727 -0.1898392890341909 -8.312247375569726 12.164080927669165|
|1|1089.5832884403123|327.09633625380644 332.2972856126452 427.829356057559|10.122945673639343 2.773099690351047 -3.2335711360743167 2.7730996903510463 20.748168339778694 6.358963565879238 -3.233571136074316 6.35896356587924 23.794713066975365|
|2|917.2267531483504|343.0100340800903 355.27349794981967 411.2180567501599|5.15541844482031 -6.637855501006483 1.1119113927759479 -6.637855501006483 39.79210097277905 1.9813145469341782 1.1119113927759483 1.9813145469341784 8.800875837184174|
|3|1695.5077626968637|334.3623218868767 354.5607770497178 433.4468939775008|15.265362279342412 0.35136053283404234 11.252995419475157 0.35136053283404234 16.727801184961635 -15.51404016420193 11.252995419475159 -15.51404016420193 40.410190310913514|
|4|1847.9973610899422|332.077105643199 331.7081351338276 407.94125360146114|16.49212640705221 -7.350799124361074 1.2014158340242647 -7.350799124361073 20.478840002889946 -4.144526362657906 1.2014158340242633 -4.144526362657906 26.694189445081264|
|5|977.488703364932|338.0564851473255 320.6253715798167 434.2893825129799|20.93324514173479 6.596595041815953 -3.142339023043195 6.596595041815953 20.888171053921816 -0.15164396408742725 -3.1423390230431947 -0.15164396408742764 5.171027076980088|
|6|1417.0874753538105|333.7931509939061 340.81394393832187 418.344712066976|30.710716312390616 5.804981668605175 -3.9932759788220094 5.804981668605175 20.05808152858153 -8.217948652756746 -3.9932759788220107 -8.217948652756746 10.90085029632931|
|7|720.7941301613472|335.86757455598007 331.6037294657784 446.9783444183388|14.631198321538623 -0.08399353504565266 -6.8160310365273915 -0.08399353504565288 7.233048622251824 0.7251438305825424 -6.8160310365273915 0.7251438305825425 9.435879680851459|
|8|1173.1080174946908|353.5655882882603 355.6105491451501 416.11461506061363|20.104308799335666 -1.773557983141092 -7.810175348361233 -1.7735579831410915 8.466469030433073 4.370281532420373 -7.810175348361233 4.370281532420373 22.469080577325553|
|9|982.9283985771689|317.701757699552 363.542323455014 424.61806041077625|18.612355224870104 2.7199919709575444 4.045241059710396 2.7199919709575444 7.15568746002981 -0.46150962201675183 4.0452410597103965 -0.46150962201675183 7.280021731644608|
|10|1041.8921281059993|340.38607309520535 350.5618675841617 445.09125919836515|5.42472941979959 -2.2478743893409936 -3.739363932799953 -2.2478743893409936 21.487886406205444 21.556485591374315 -3.739363932799953 21.55648559137431 34.08674593541618|
|11|879.346182176734|335.94502786596314 336.772536622882 438.1838438158416|27.109767656692924 -2.2796634504408346 0.49022003357719646 -2.279663450440835 3.891872510220507 -0.46422694459503877 0.4902200335771967 -0.46422694459503877 13.830119570430071|
|12|882.8788813353957|324.1559539850583 341.8182102417319 409.61090762380167|15.83469294617955 -3.2188652507054205 5.267503794640894 -3.21886525070542 5.40308081264273 -3.632037779628978 5.267503794640894 -3.6320377796289782 16.87367793380801|
|13|1078.6472832304019|332.27670028642376 353.64403013419866 413.58798401842836|30.539647852232257 20.06029294877068 23.474857825850275 20.06029294877068 17.454820429093303 18.887058045636167 23.474857825850282 18.88705804563617 29.54135960221226|
|14|1596.9295551558039|331.1465262350014 320.7248769399298 419.4853288008681|10.134219231371702 -0.6932997934407797 1.5338560912783665 -0.6932997934407793 7.975756179321227 -1.6685161009371456 1.5338560912783672 -1.668516100937146 45.71912971347897|
|15|2404.549072797834|334.1684032246313 346.26449056644594 427.98775666313884|31.520364352899882 4.5780597151698394 -3.1628105881469613 4.5780597151698394 19.069484814595004 -16.9625390166652 -3.1628105881469573 -16.962539016665197 37.66673157971836|
|16|1230.7269405034765|331.8996665871758 366.94145103389917 425.6199031616384|30.869567207575326 1.7591213105783443 8.008167635804273 1.7591213105783443 8.814178065390616 2.3506014443139236 8.008167635804272 2.3506014443139245 8.805792919984613|
|17|481.8171315069768|319.9646289138694 325.6604182181484 426.9351726449727|3.6722389504289716 -0.8988344736712195 -5.127708104854596 -0.8988344736712195 2.5868034413903693 0.7529045564856531 -5.127708104854596 0.7529045564856528 25.939752531164437|
|18|481.9663625139818|340.20256128004286 318.3014554142655 411.6511471291187|7.2875633988656565 -1.8997102075791674 7.448416314385788 -1.8997102075791674 7.646845860881119 2.5868351030841126 7.448416314385787 2.586835103084112 12.887087426601626|
|19|739.1066878834376|344.84882402928383 329.42443176407346 435.97401614026546|3.3731258731287252 -1.6941228180877135 -3.3853425503698418 -1.6941228180877133 6.135290620883424 8.045205636325617 -3.3853425503698413 8.045205636325617 50.227221759967286|
|20|1215.1132826466428|349.45334140077586 345.432510402039 416.41028717773787|28.913338089112926 20.02858623084824 -9.971950506191163 20.028586230848244 29.3836325805016 -10.032529722802819 -9.971950506191167 -10.032529722802817 10.257936818558083|
|21|1016.0581796379006|337.0409464094434 343.1322989780219 407.5301614866241|20.402913178720055 10.065161954418102 4.5179722059889365 10.065161954418102 14.989028569466084 2.699714110046646 4.517972205988937 2.699714110046646 8.506680656952216|
|22|934.3387270637575|346.6201076547705 359.21519360371104 434.8057792503127|7.217297822003838 -0.18127945847485272 4.485669053843014 -0.18127945847485227 6.091084931348305 0.37655849689558785 4.485669053843013 0.37655849689558785 17.95137133382245|
|23|512.5066954857966|342.4707467155288 321.95272703253204 422.25297289321793|9.397633216887364 5.98348483174887 6.3932613612396585 5.98348483174887 8.62716070355267 0.5863739810207447 6.3932613612396585 0.5863739810207442 12.893295507900916|
|24|935.3534440507178|322.7299041976631 349.0774490249158 432.510576367154|5.4182920565902215 7.97184846080459 -2.7997830350919957 7.971848460804588 32.668286501151016 -3.4945603772931055 -2.7997830350919957 -3.494560377293106 14.248636961359288|
|25|454.70292394346103|334.970579967139 341.49569504829464 397.89682936582295|16.407894748975753 1.0073937121720968 6.718594394493818 1.0073937121720968 3.3479108112968015 -0.3146052329814564 6.7185943944938185 -0.31460523298145643 4.627919141642829|
|26|1497.2147048030156|327.5039849670636 327.7199510012025 438.9966305801891|19.545034944732706 -11.732507916446172 1.078454610627264 -11.732507916446169 18.75004953394933 3.3104675581309957 1.078454610627265 3.3104675581309957 17.09280970980293|
|27|455.8737792107557|325.13835772550885 330.5825041758629 415.7841394772095|6.836987798088852 -2.458990726332871 -0.48866192858702506 -2.458990726332872 13.682210252127986 -0.27243546267255764 -0.48866192858702484 -0.27243546267255764 1.7353591321103905|
|28|602.3180770386633|345.61115537803397 371.8365275056013 422.2481947597207|15.93138847943274 10.133119893238684 5.2910356907091085 10.133119893238682 10.1568680124647 8.309057823709137 5.2910356907091085 8.309057823709137 11.528969259835605|
|29|975.5831885778342|332.6438961745127 361.25576055657115 447.6428683372732|9.16393369184377 -1.6131428107740657 3.6812515232753182 -1.6131428107740657 13.852458196818304 5.03760135554483 3.681251523275319 5.03760135554483 9.308509082708474|
|30|867.5882269868779|326.16372627781305 352.093799519113 420.39994672622737|4.869841217834098 0.4932213589380988 -1.6799794019947674 0.4932213589380985 18.28656164379975 9.400118810035682 -1.6799794019947671 9.400118810035684 24.563673557068537|
|31|903.1178427672606|321.6135169444618 337.14288718899115 435.83850361354|6.695940472787288 7.6288081448422265 1.8393281528400207 7.628808144842226 25.84944237720194 14.39350612023657 1.83932815284002 14.39350612023657 23.24466945796026|
|32|1333.001325700921|330.35809811536086 343.84925977655945 443.10555392150525|13.933095618261639 -3.749466502163635 7.789234463496818 -3.749466502163635 34.59038317086787 -9.139724864764244 7.78923446349682 -9.139724864764245 13.11764134870386|
|33|739.3123041663522|326.541002441524 318.12042700946574 432.9737277382976|10.480755676730325 -10.913370106211431 2.3891475038885464 -10.913370106211433 15.853034760893557 -5.616227276940441 2.3891475038885464 -5.61622727694044 16.64223180937091|
|34|749.4898117701116|347.4157344102031 348.37554437495777 425.3406586846567|8.558501071386733 -0.7783759872300452 0.15185421631506457 -0.7783759872300451 11.251561079999574 3.9765161786875733 0.15185421631506468 3.976516178687573 8.842769611023984|
|35|906.0925192815539|342.1656102343375 331.9679867268569 416.53732930431624|15.732256646149558 -1.9648441212277792 4.783842295193529 -1.9648441212277785 5.190558998704778 -2.014002968669746 4.783842295193529 -2.0140029686697463 14.29528151538565|
|36|840.2936583616325|340.6996455808868 358.2693366770919 426.2223064978975|6.017211461967198 0.7608174989875516 -1.6027556508108232 0.7608174989875516 38.752521488036635 16.542722757035516 -1.6027556508108236 16.542722757035513 13.786793029584846|
|37|777.3823141259445|343.45854672423076 334.4807123492529 406.9790863508413|5.995111651515659 -3.0123151363123544 7.848228822527728 -3.0123151363123544 9.26510388176381 -1.9486785976385494 7.848228822527728 -1.9486785976385488 21.74976989289379|
|38|1461.535296184631|336.61400410557843 328.2872968885958 428.0778556047701|17.92500180720736 -3.636120576417811 -1.5980092811783608 -3.6361205764178113 9.416139001464451 4.618539338914344 -1.5980092811783608 4.618539338914344 29.649267424350064|
