#|num|weight|mean|covariance matrix|
|0|797.9990164837077|378.4216076169323 312.28099805785723 406.5465339283833|18.217428145013155 -3.5851564906787203 -2.35545891181496 -3.585156490678721 7.4927867817332885 0.9388482286422994 -2.3554589118149605 0.9388482286422996 4.976755237827494|
|1|1583.0091544966847|372.2026822509231 305.8221160809136 439.6675505072632|31.229480592039728 3.6146228811716 -9.984774322870962 3.614622881171601 20.059719283801435 7.098406924893371 -9.984774322870964 7.098406924893371 17.46753793715484|
|2|1399.5713482012134|360.5385139710755 314.22152714601157 428.01742321381545|15.377718933763582 -1.3817272586554383 1.6881622723321448 -1.381727258655438 27.449998022667803 7.576950958210542 1.6881622723321454 7.57695095821054 15.582937197580488|
|3|672.9299985896108|369.06028127613195 336.77002996528626 412.5975845242872|6.34816029893238 -5.036064896243673 0.5767108815954152 -5.036064896243673 18.833402883110146 11.02283986394378 0.5767108815954156 11.022839863943782 16.226707714596944|
|4|1677.8274418784715|371.9909868249946 316.64386438434053 425.2662898992529|32.377202213957474 -10.253081688978785 9.646080241148631 -10.253081688978785 24.844969004508368 5.645031414860778 9.646080241148631 5.645031414860777 16.979095383808886|
|5|579.1943989635026|391.60038340075965 314.65166826052354 416.515439160277|19.43067694703158 14.023593209987519 -9.887093478457935 14.02359320998752 11.748796247283197 -7.137138323131165 -9.887093478457935 -7.137138323131165 10.41096268078772|
|6|1021.9513699416628|360.22116915148166 303.0197355063405 419.67416899555764|11.748510347887413 5.391281714468426 21.89458532065169 5.391281714468425 13.42207770797496 17.641063002992006 21.894585320651686 17.641063002992006 61.68871565622219|
|7|414.70083979481285|350.3670046760248 298.48133375457735 447.1963019916728|6.180066192969371 3.8180537928648093 2.1359210247491927 3.81805379286481 19.367001824397327 -1.417146751587914 2.135921024749193 -1.4171467515879137 2.2534060964868883|
|8|833.6740990204604|379.71799359836086 311.95839637723077 432.0111405082559|13.372521031807597 -7.30929538366649 -6.593624886656494 -7.3092953836664885 24.170957115993417 10.035190724460678 -6.593624886656494 10.03519072446068 10.703683521279283|
|9|584.545133205226|342.18642788762287 314.0553734635718 435.23386982686094|6.416382005284376 -0.8885750048932386 0.2833166482699055 -0.8885750048932385 4.147241816942804 1.8933311896058767 0.28331664826990555 1.8933311896058767 10.936191360159464|
|10|1043.3748810899917|370.1251386099589 325.02732645527425 406.6108298592391|6.703370294967963 -5.273611034716275 -3.408064656056756 -5.273611034716275 15.941109871484409 3.077892100660187 -3.408064656056757 3.0778921006601863 14.944630476677036|
|11|1242.8433580888475|365.2932136252948 315.14931577349734 437.36015664565707|44.10830025665629 -11.628274001264483 6.401309122356043 -11.628274001264483 17.472694495711714 -0.5196079359580403 6.401309122356043 -0.519607935958041 7.920230646050583|
|12|1114.9640816566312|379.20468845541205 305.4220685294268 420.5672783455276|13.979527897856483 -5.329561061903715 10.477461153323343 -5.329561061903715 11.754417187582968 -9.347410059161653 10.477461153323343 -9.347410059161653 26.114262836594914|
|13|925.2921933984683|369.9779647292342 327.91699887008764 426.2681319753339|40.893190505191264 3.0662830198892714 11.42913057910892 3.0662830198892714 4.665100900895929 -4.250621849014077 11.42913057910892 -4.250621849014077 16.220895415492503|
|14|717.444146553832|367.14171039312515 338.8560613530481 420.7357675347442|6.046379302720718 -0.6312297401095717 0.8319829196615699 -0.6312297401095717 11.035693510243906 10.756376179000288 0.8319829196615699 10.75637617900029 19.408260733799757|
|15|1029.4711970983026|390.26450326139343 326.4833203468636 412.2650939165189|9.331210817663584 -1.8779319356078017 -4.6134530446379785 -1.8779319356078017 14.279198817351102 -4.591136781895672 -4.6134530446379785 -4.591136781895674 10.280775513948319|
|16|1078.4548900740494|355.4522597304863 323.1055818763975 422.42859914985513|22.606879964993176 -2.8119527387824794 -20.501139061604768 -2.8119527387824808 5.781857653266436 9.267378425971751 -20.50113906160477 9.267378425971753 34.90031841578687|
|17|1211.8746085547368|367.5489364399568 296.4923585192911 440.21997130268426|71.75282724864321 3.4481374496320765 -32.400865554842866 3.4481374496320765 3.3385506752546257 -1.8484314474567245 -32.400865554842866 -1.8484314474567247 21.077295233880978|
|18|1343.542146575476|353.01722971747273 310.411801654725 419.4883677256866|11.310486193914887 -2.467149475879446 -9.127826931691377 -2.467149475879447 8.976307404053511 -2.3210488280609054 -9.127826931691377 -2.3210488280609054 39.7544376602062|
|19|1031.1913990613282|365.56312696075815 317.26267657601386 446.85262461330626|18.187261860036195 -0.8585734792947166 3.740624497785002 -0.8585734792947162 8.440547839945822 -3.3467812490196427 3.740624497785002 -3.3467812490196427 10.832131702201988|
|20|1005.5712913979144|380.35477439637344 323.8556888687109 435.00460607232475|15.068794833742352 1.0549745653511757 2.6849097917125873 1.0549745653511757 5.495301802108795 -0.010798177159740602 2.6849097917125873 -0.010798177159740519 18.337092783948258|
|21|1347.7103448551045|376.0462885777942 323.5327575364142 418.8545000234283|16.730718629337538 2.909488827449896 6.560142801282691 2.909488827449897 17.80095531243147 14.150903523833431 6.560142801282691 14.15090352383343 24.959425955547182|
|22|863.6511391010692|379.39315001792863 299.5817688602915 442.8146326085726|3.8536729658652114 -1.0693628000965436 1.661385194894584 -1.0693628000965436 5.45447812482954 -1.3645660912010822 1.661385194894584 -1.3645660912010826 46.7577702442208|
|23|978.2903541512098|351.3218664337199 319.96078229110634 432.68206913536756|10.459901986353668 3.0728402464655677 -0.5171944481576026 3.0728402464655686 29.28780564752791 5.949996487446678 -0.5171944481576025 5.949996487446678 6.127228655232178|
|24|1419.9878077886494|387.21366447521297 317.84134525371417 428.14836693469437|10.38269719997724 -6.601642836721538 2.7625214134450813 -6.601642836721538 19.288696283659405 -11.403700718713104 2.7625214134450804 -11.403700718713102 26.507702815218625|
|25|789.3338922297962|366.9938681370272 347.3255939816969 429.13341325985914|5.414402253285859 -1.0166785790153807 -3.6232761433315126 -1.016678579015381 8.443949868366971 4.451314322787927 -3.6232761433315135 4.451314322787927 18.668321953389185|
|26|603.7322437906067|346.764883942445 304.32027848542 430.73292727403384|12.399714020222994 -11.93679841765236 9.261380607980705 -11.93679841765236 15.213235799430844 -10.604453001341842 9.261380607980705 -10.604453001341842 12.732303579954927|
|27|860.0738556674444|366.51235872971137 316.43500279739396 412.1148753902071|26.83459084653553 -1.7401941087512747 -12.740494134720722 -1.7401941087512744 4.668716534789477 3.4072977249861065 -12.740494134720725 3.4072977249861056 18.840791369347002|
|28|1179.0784208249781|383.84849732037395 311.29964562670636 442.7030099378687|11.414479039410079 4.89892961435096 -1.4822946150238454 4.89892961435096 29.425737129417964 -6.504733808866487 -1.4822946150238456 -6.504733808866487 7.249687436154675|
|29|1110.0818291741505|367.9943383661097 307.6794869009121 416.748510731742|13.957540671064695 2.3393708416734507 -3.7285153944810534 2.3393708416734498 15.021264207305943 1.0162910576842776 -3.728515394481053 1.0162910576842767 10.389109910822677|
|30|1021.2967148809157|390.4972511947638 307.02637590650227 434.3134091976684|12.581773929084125 9.094139756527696 6.19810212541792 9.094139756527694 20.10704305359804 6.761849244513638 6.19810212541792 6.761849244513638 10.608365948145256|
|31|836.9337523480665|378.39017960038547 309.16361034736497 450.93071730834885|15.642171452019197 -2.6199326550738604 3.4850810332914666 -2.6199326550738604 11.185944578538477 -3.4375381481330574 3.4850810332914666 -3.437538148133058 6.030003683044745|
|32|1223.418222326918|364.67657209742015 305.398081883937 448.65791708468464|35.852377504194024 -4.807112628206326 -2.159794340960636 -4.807112628206327 11.87831913786621 1.2531573460258905 -2.159794340960636 1.25315734602589 6.3144451778955455|
|33|1323.2349880894494|360.5390528660738 301.2818043427035 432.48637216535195|27.08178969554319 -5.252337329653512 5.6987708383621145 -5.252337329653512 10.994572049929658 1.6393768094556695 5.6987708383621145 1.6393768094556693 8.515220681947625|
|34|1864.4447483735519|354.4796950295628 310.0358311094752 440.399774861157|20.135085745645462 1.8892469806446632 5.477924385589166 1.889246980644665 24.18188428919854 -1.8345081402223893 5.477924385589167 -1.8345081402223893 14.954308747926905|
|35|1207.1048306004116|359.60510828373737 303.45633326963315 407.43242811474937|17.26988194760054 6.079770449544944 2.256831196155016 6.079770449544946 17.619660396490307 3.6021534992992796 2.256831196155016 3.6021534992992774 11.930845747839427|
|36|1058.3300505989896|382.1968849255517 315.4837914152393 418.4230698015192|15.879527642355049 -0.7803504530657568 -7.044194989067799 -0.7803504530657563 13.960471361091718 -1.1123749466315593 -7.044194989067799 -1.1123749466315593 12.568263281259021|
|37|975.2086025314939|376.71809020096777 319.425351605742 444.3122198498964|18.213767920786786 -0.784214164047988 -1.7420074631951328 -0.784214164047988 5.296546336012193 0.03288203560521162 -1.7420074631951348 0.03288203560521169 14.389681685947206|
|38|687.2570085416285|365.83507197262355 325.08893197717197 417.09589101645213|5.621114988653683 3.5898805316724522 1.9583390625888715 3.5898805316724522 22.87246723550485 -9.944261121349502 1.9583390625888715 -9.944261121349498 28.231979719254166|
