#|num|weight|mean|covariance matrix|
|0|1196.8035919866745|348.59885697109036 289.98374098886734 298.8958065063097|21.076726310980145 5.510963704492386 6.0412017874081725 5.510963704492386 18.731515790852445 1.7612039791975076 6.0412017874081725 1.7612039791975076 8.551460922777549|
|1|1127.6867501334057|332.7663205907187 315.1803809748699 292.0734398619385|3.6935932282482185 4.190727605548846 -5.234810914392672 4.190727605548845 19.46287766199566 -0.6034755494228508 -5.234810914392671 -0.6034755494228503 38.77369636292836|
|2|1554.8496235209805|335.7104429270095 297.7743816022771 285.0254788244915|11.80897998428662 -0.8026964387667714 7.602738598943564 -0.8026964387667714 30.463118906307763 -12.729667312157401 7.602738598943564 -12.729667312157401 25.93174524735036|
|3|1449.0053665095502|343.32365431886717 317.3215584631837 300.1354923681091|18.86613829186643 -1.8402421741614114 16.149562608066415 -1.8402421741614114 12.723481007230607 -12.247853074734044 16.14956260806641 -12.247853074734044 37.61383627237137|
|4|1637.7039760283722|341.34300979178676 308.7620859953954 288.74662478362353|17.283820496024337 -5.481459043397667 3.1079154005079492 -5.481459043397665 12.85143110966796 6.607434183146658 3.1079154005079497 6.607434183146659 44.824682266692214|
|5|1185.355632971004|331.4342927487681 295.3985005073743 304.6153109640827|10.606747930145426 -6.980502401429301 4.143834717320636 -6.980502401429301 19.762225397754854 0.9867723167406259 4.143834717320635 0.986772316740626 14.938992431022779|
|6|587.9098612678388|354.15777600317836 334.9836898891955 287.9292852551634|16.40577138228226 10.07638505823524 4.702825507953962 10.07638505823524 9.755764935736137 7.42717672562692 4.702825507953961 7.42717672562692 10.180647904343981|
|7|1318.5204265576124|334.92612970540085 308.8373407609385 305.69688665518225|19.726604105112543 7.328847984770568 13.33119459428514 7.328847984770569 25.075898255369385 3.01328559626774 13.33119459428514 3.0132855962677403 16.83097662763616|
|8|803.4920610794278|337.11522002123417 297.6522514057306 271.10719368238813|7.9118737766367095 -1.8559256052340418 -7.804054489920803 -1.855925605234042 11.898059255131184 3.1022812088376734 -7.804054489920802 3.102281208837674 25.919465629922115|
|9|1291.7022576747759|346.7917597208957 306.6806300335084 274.70737607907313|22.87835674214898 13.6716754522774 11.215442842211182 13.6716754522774 19.193296672631952 9.421513257211496 11.21544284221118 9.421513257211497 20.071537949359765|
|10|657.7632317185081|343.1047199204168 325.48027142891755 315.13202132487686|7.119703628542079 -4.607296691217115 4.76368001903396 -4.607296691217115 9.049505271309961 -1.273788722673597 4.763680019033961 -1.2737887226735987 11.031952445046729|
|11|1006.4733518235691|338.71286421512934 285.3609825850477 303.4124124617309|11.531064931661515 9.507493015385142 6.338402493819647 9.507493015385142 19.813423427346436 5.674466264560516 6.338402493819648 5.6744662645605155 14.081612441166268|
|12|381.5208560895215|350.1613956849955 280.996644135534 278.83456689137967|3.3287221887528524 2.5054358296148553 5.488553377873353 2.5054358296148553 7.9389924545281065 8.75301565341774 5.488553377873352 8.753015653417743 15.158382537171708|
|13|753.8004349715835|360.9351727680111 319.69098588238154 282.45931654782333|11.996184645868661 4.292771408577166 3.7019427594104104 4.292771408577166 3.954066432580366 1.5260501204463974 3.7019427594104117 1.5260501204463979 19.298113332018435|
|14|995.4549037123578|341.0442299265745 300.34936893768594 311.2577816184|5.805174811420222 5.316685302359378 0.3526332194442192 5.316685302359378 28.562364936520698 -9.298526643704509 0.352633219444219 -9.298526643704509 13.633526257566809|
|15|1071.675693156976|326.70892430818293 326.77582893582337 290.1286981902564|20.93305356485636 3.8601303850207778 4.25250281459402 3.8601303850207778 7.6916759783625555 -0.320818065583115 4.252502814594019 -0.32081806558311454 7.284726709204495|
|16|1507.629700425777|357.33841307881215 308.35622692884675 282.04272534445204|27.249498054334484 20.937497202727084 -6.682679756189391 20.937497202727087 33.25614018654631 -8.068997672738858 -6.682679756189392 -8.068997672738858 9.641638723275989|
|17|1105.9230293015273|339.1171120469392 315.9866146890083 278.2084308201679|27.567934635455536 19.015515331989857 19.17368392505668 19.015515331989857 17.976147675830102 18.673018735423454 19.17368392505668 18.673018735423458 28.34791429031167|
|18|1321.4211542348976|339.54043783177144 285.9875864524265 277.85247435842314|15.078642960078822 -0.9767621379551354 -9.116540095044988 -0.9767621379551356 14.67005957614108 0.05956631437989657 -9.11654009504499 0.05956631437989657 16.413054128021386|
|19|2294.986927629788|336.9560815130721 299.7149212552158 298.0719887648836|26.113479322908326 6.235004253189002 5.899225238603 6.235004253189004 43.56379955140503 3.0709124438616846 5.899225238602998 3.0709124438616846 12.159080848119181|
|20|1354.7460507180258|340.55825224500194 283.59320626122394 289.3936068661726|23.863254635247902 -1.0766271871974227 -15.1589618282555 -1.0766271871974227 9.493966224783836 -2.4466438432208273 -15.1589618282555 -2.446643843220827 22.809401694746885|
|21|428.7110503191721|343.4642317461261 304.6522709472346 263.35316497412254|16.788752144505857 0.843236483094405 6.743550503582824 0.843236483094405 2.9823573838479116 -0.5067643793789653 6.743550503582824 -0.5067643793789653 4.502839031191498|
|22|1103.8343918338094|354.099838689652 311.4944608623175 290.84843518647165|15.423520365102572 -0.16650931177039963 1.3677922987596367 -0.16650931177039963 10.238112345769526 2.8101599172464624 1.3677922987596376 2.8101599172464624 10.242501120956915|
|23|1317.669547538422|347.2907980394745 318.69691736083735 288.79537396832416|20.245428796480734 8.1551009772146 3.210766706469619 8.1551009772146 16.071106973094956 10.222157630824723 3.21076670646962 10.222157630824725 22.58907764105301|
|24|459.3153522757752|350.8398374492669 296.86392975883257 269.45128367196736|5.299355970627025 -3.805428409860917 3.540637386308188 -3.805428409860916 7.7673108770377866 -4.282977930314682 3.5406373863081892 -4.282977930314682 8.077460787190855|
|25|1545.5349325156608|352.2787598021037 306.5898820911718 300.96837233644897|15.977868797034933 0.7662054965216931 0.27420762300358303 0.7662054965216931 24.013081570344013 -5.58210135725637 0.27420762300358303 -5.582101357256369 11.061716317364949|
|26|603.1703416514576|349.4367015946415 313.5448691912975 312.2824975550591|4.815949029237493 -2.0339574443840025 -5.852279130144122 -2.0339574443840025 14.776093970122675 13.193416185018995 -5.852279130144122 13.193416185018995 18.883708419336795|
|27|986.5585900635085|348.63381859836466 295.6914446855986 308.9845626816205|15.573123019040827 -0.7279109156683944 -3.9790687931569995 -0.7279109156683953 8.46366201852482 -5.35156943802587 -3.9790687931569995 -5.35156943802587 12.988814764639795|
|28|638.6673667989069|332.7991304582651 305.5864650720247 273.9033869384007|20.52053880982067 -1.7061945137474652 2.41933396252197 -1.7061945137474652 1.7297704329037593 1.293327607439981 2.41933396252197 1.293327607439981 12.978850444588216|
|29|1424.8501191740988|342.17931797183564 329.58970057508714 291.7028728247212|31.567028119491166 0.12514415421940983 10.559214844625005 0.1251441542194096 10.028904152406593 1.6348823489881126 10.559214844625005 1.6348823489881124 10.630052121380698|
|30|519.1099652258364|344.48769262775653 278.8240403825362 300.1153246304879|14.596847366067681 7.701649534328272 1.3938397245674117 7.701649534328272 11.247463314021518 1.953826949894564 1.3938397245674117 1.953826949894564 2.3737141248051374|
|31|915.5780685738488|353.67427242929244 295.2126333340572 281.778038110095|4.539616179923695 -2.1790662615145955 3.496407687608176 -2.1790662615145955 12.46683069954436 -12.883850647331824 3.4964076876081753 -12.883850647331824 29.760600434565784|
|32|256.19606860171393|368.1863321453616 316.3807540097229 276.1121670131315|5.163862035116127 -2.4206066005660802 -1.2684350881069026 -2.4206066005660802 6.728238691451034 1.1919325295314398 -1.2684350881069029 1.19193252953144 1.119481684675497|
|33|1222.3789582807062|349.06824259544163 289.44710524300194 290.13969376580343|16.716891303311552 -6.225478650119157 6.277864599868504 -6.225478650119157 12.37235827754892 -3.6203512248035006 6.277864599868504 -3.6203512248035 17.44981392610716|
|34|926.3976464404345|355.1218878712776 322.05236537935673 300.299976175508|7.279201009435008 -0.18747635512736194 4.647577592213071 -0.18747635512736194 6.690162304104773 0.8558118592753166 4.6475775922130715 0.8558118592753166 17.827487982673617|
|35|453.973953395737|340.43993861244934 320.9444687339895 310.97875043354384|15.6212796841896 -14.569363718876797 -1.8986373099531755 -14.569363718876797 15.527835210829899 3.0977897160807504 -1.8986373099531755 3.0977897160807504 4.112217037560072|
|36|593.9093858782059|328.6795066922501 288.7657869734848 293.0679777073929|4.2391238389056385 -1.4039595639983316 -4.10702534885051 -1.4039595639983316 3.590850241036091 0.8563326848339761 -4.10702534885051 0.856332684833976 25.017204037883396|
|37|1149.1042234744987|344.4427295745664 295.5979719907554 278.16200174156404|11.091201651706315 0.21244253251952627 -1.000365631063614 0.21244253251952622 10.633452723064561 10.84830237266269 -1.000365631063614 10.848302372662687 31.003473925832925|
|38|774.8133564454758|350.7273470158551 319.6574276569028 275.66014071075523|3.683244616546108 -1.4185995171811119 -0.015359460890519538 -1.4185995171811119 37.84667669183333 10.798872928266928 -0.015359460890519538 10.798872928266928 8.46475910152596|
