>1to2
RBBP4, 5,15, 17, 19,37, 39,46, 48, 57, 60,65,69, 71,75, 78,82, 84, 87, 103, 112,126,129,132, 140, 161,175, 180, 182, 191,194,198, 205, 210, 215, 219, 222, 227, 229, 231,239,250, 255, 261,270, 275,284, 290, 299, 306, 309, 312, 315, 319, 321, 330, 339, 348, 352,357, 362, 365,372, 376, 380, 382, 386, 388, 392, 396, 398, 401, 405, 407, 411, 418
MTA1, 10, 15,24,31,46, 53, 60, 63, 81, 88, 90, 104,107, 112,121, 128, 133, 135, 143,146, 153, 155, 158, 168, 172, 179, 199, 211,214, 218,221,226, 228,234, 240, 242,245, 247,260, 265, 269,285, 290, 292, 295,304, 307, 313,317, 319, 323,326, 329, 334, 345, 348,355, 369,376,381, 383, 388, 390,394, 397, 401, 410, 416, 420, 424, 432,445, 451,456, 459, 461, 471,472, 476, 480,486, 488, 493, 506, 511, 520, 531,537, 542,547, 550, 562, 564, 578, 581, 601, 603, 606,612, 617, 619, 633,647, 652, 658, 666, 673, 675, 678, 680,683, 691, 697, 699, 705, 709, 715
MBD3, 2, 7, 12, 14, 19, 21, 29, 31,39, 41, 43, 45, 55,65, 68,78, 80, 85, 87,98,103, 107,111,125, 130, 138, 148, 150, 162, 170,177, 184, 191, 197,202, 205,209, 211, 216, 218, 226, 229, 236, 240,243, 250,260, 271,275, 287, 289
P66A,8, 14, 22, 28, 31, 51, 81, 87, 96, 99, 112, 117, 119,132, 134, 139, 141,144, 160, 164, 166,170, 187, 199, 213, 218, 232, 234, 248, 250, 258,263, 265, 271, 283, 288,291, 293, 295, 299,307, 317, 322, 341, 351,358, 360, 364, 369, 376,380, 385,389, 392, 396, 401
HDAC1, 3, 18, 20, 25, 31, 36, 40, 55, 61, 64, 69, 73, 80, 86, 94, 96, 104, 111, 114, 129, 134, 140, 146,151, 156,159, 168, 172, 184, 190,193, 197,204, 206, 215, 222, 226, 229, 238, 240, 243, 250, 252,270, 276, 282,296, 301, 303, 306, 308, 312, 315, 322, 324, 326, 335, 337, 341,358, 366,370, 374, 376, 379, 388,391,396, 404, 411, 420, 423, 425, 431, 435, 447, 462, 474, 476
>3to4
RBBP4, 40, 106, 189, 199, 340, 378
MTA1, 201, 406, 415, 482, 492, 549, 566, 571
MBD3, 17, 60, 112, 128, 182, 204, 246
P66A, 9, 48, 195, 225, 344
HDAC1, 17, 34, 49, 62, 132, 231, 365, 398
>5plus
RBBP4, 172, 95
MTA1, 487, 12, 372
