5481
716
717
719
720
721
722
733
734
745
753
772
784
786
795
796
823
824
5482
5483
5484
5486
5488
5489
5490
5491
5492
5493
5494
5495
5496
5498
5499
5500
5501
5502
5504
5505
5506
5507
5508
5509
5510
5511
5512
5513
5514
5515
5516
5517
5518
5519
5520
5521
5522
5523
5524
5525
5526
5527
5528
5529
5530
5531
5532
5533
5534
5535
5536
5551
5552
5560
5562
5563
5564
5565
5566
5567
5568
5569
5570
5571
5572
5573
5574
5575
5576
5577
5578
5579
5589
5590
5591
5592
5593
5594
5595
5596
5597
5598
5599
5600
5601
5602
5603
10457
10458
10459
10542
