917.83069794497 1
918.5130795956313 1
919.1954612462927 1
919.8778428969541 4
920.5602245476155 5
921.2426061982768 6
921.9249878489381 10
922.6073694995995 7
923.2897511502608 8
923.9721328009223 13
924.6545144515836 15
925.336896102245 10
926.0192777529063 23
926.7016594035676 25
927.384041054229 34
928.0664227048904 36
928.7488043555518 30
929.4311860062131 37
930.1135676568745 66
930.7959493075358 76
931.4783309581971 89
932.1607126088586 77
932.84309425952 98
933.5254759101813 120
934.2078575608426 112
934.890239211504 121
935.5726208621653 135
936.2550025128268 150
936.9373841634881 139
937.6197658141494 171
938.3021474648108 220
938.9845291154721 187
939.6669107661335 202
940.3492924167949 219
941.0316740674563 192
941.7140557181176 233
942.396437368779 250
943.0788190194403 250
943.7612006701016 294
944.4435823207631 273
945.1259639714244 265
945.8083456220858 273
946.4907272727471 234
947.1731089234084 261
947.8554905740698 266
948.5378722247312 242
949.2202538753926 247
949.9026355260539 221
950.5850171767153 228
951.2673988273766 229
951.9497804780381 220
952.6321621286994 192
953.3145437793607 229
953.9969254300221 207
954.6793070806834 171
955.3616887313448 191
956.0440703820061 196
956.7264520326676 223
957.4088336833289 176
958.0912153339902 150
958.7735969846516 174
959.4559786353129 161
960.1383602859744 174
960.8207419366357 164
961.5031235872971 162
962.1855052379584 176
962.8678868886198 171
963.5502685392811 141
964.2326501899425 140
964.9150318406039 151
965.5974134912652 127
966.2797951419266 129
966.9621767925879 131
967.6445584432493 131
968.3269400939107 118
969.009321744572 107
969.6917033952334 118
970.3740850458947 89
971.0564666965561 65
971.7388483472174 75
972.4212299978789 73
973.1036116485402 70
973.7859932992016 56
974.4683749498629 48
975.1507566005242 48
975.8331382511856 40
976.515519901847 28
977.1979015525084 25
977.8802832031697 21
978.562664853831 27
979.2450465044924 15
979.9274281551537 11
980.6098098058152 7
981.2921914564765 7
981.9745731071379 10
982.6569547577992 5
983.3393364084606 3
984.0217180591219 3
984.7040997097833 0
985.3864813604447 1
