916.859061273606 3
917.6321859633604 1
918.4053106531147 1
919.1784353428692 1
919.9515600326235 4
920.7246847223779 10
921.4978094121323 12
922.2709341018867 13
923.0440587916411 17
923.8171834813954 27
924.5903081711498 25
925.3634328609043 43
926.1365575506586 42
926.909682240413 52
927.6828069301673 36
928.4559316199217 39
929.2290563096761 48
930.0021809994305 47
930.7753056891848 53
931.5484303789392 50
932.3215550686937 54
933.094679758448 63
933.8678044482024 62
934.6409291379567 70
935.4140538277112 52
936.1871785174656 80
936.9603032072199 79
937.7334278969743 84
938.5065525867286 113
939.2796772764831 100
940.0528019662374 121
940.8259266559918 134
941.5990513457461 136
942.3721760355006 180
943.145300725255 211
943.9184254150093 244
944.6915501047637 231
945.4646747945181 269
946.2377994842725 283
947.0109241740269 354
947.7840488637812 328
948.5571735535356 294
949.33029824329 351
950.1034229330444 348
950.8765476227987 361
951.6496723125531 358
952.4227970023076 349
953.1959216920619 398
953.9690463818163 366
954.7421710715706 381
955.515295761325 357
956.2884204510794 383
957.0615451408338 378
957.8346698305882 412
958.6077945203425 428
959.380919210097 457
960.1540438998513 411
960.9271685896057 395
961.70029327936 431
962.4734179691145 349
963.2465426588689 401
964.0196673486232 386
964.7927920383776 362
965.5659167281319 367
966.3390414178864 388
967.1121661076407 359
967.8852907973951 361
968.6584154871495 336
969.4315401769039 346
970.2046648666583 298
970.9777895564126 329
971.750914246167 278
972.5240389359215 268
973.2971636256758 268
974.0702883154302 239
974.8434130051845 201
975.6165376949389 189
976.3896623846933 155
977.1627870744477 137
977.935911764202 142
978.7090364539564 107
979.4821611437109 90
980.2552858334652 67
981.0284105232196 63
981.8015352129739 50
982.5746599027284 24
983.3477845924828 27
984.1209092822371 15
984.8940339719915 11
985.6671586617458 14
986.4402833515003 8
987.2134080412546 1
987.986532731009 2
988.7596574207633 1
989.5327821105178 1
990.3059068002722 0
991.0790314900265 2
991.8521561797809 0
992.6252808695353 0
993.3984055592897 1
