2.8515910506248474 0.0 1.0 0.0
4.851591050624847 0.0 1.0 0.0
6.851591050624847 0.0 1.0 0.0
8.851591050624847 2.5103240627024848e-46 0.08415462221421043 9.463864613677348
10.851591050624847 7.775394329165615e-275 0.20922674625781668 22.818698848661395
12.851591050624847 3.295883133056883e-120 0.1401770341246844 32.57733388819531
14.851591050624847 0.0 0.2948433183701162 44.843251491191566
16.851591050624847 0.0 0.5016475451611652 66.54182272159801
18.851591050624847 0.0 0.5234499770819492 83.82577333888196
20.851591050624847 0.0 0.4523808483898865 90.30378693300041
22.851591050624847 0.0 0.4503854334168275 97.6695796920516
24.851591050624847 0.0 0.5318705745272462 99.04633097516992
26.851591050624847 0.0 0.3090596320154827 98.74462477458732
28.851591050624847 0.0 0.26367320297987157 99.37578027465668
30.851591050624847 4.218022964485567e-309 0.2219191796402117 97.11471771396864
32.85159105062485 5.933036002703074e-120 0.13872402252512947 98.97697322790955
34.85159105062485 1.268341879098087e-125 0.14039421297441743 99.5873214038008
36.85159105062485 0.3045777044948411 0.006045910656735037 99.25093632958801
38.85159105062485 1.0 0.0 99.78152309612983
40.85159105062485 1.0 0.0 99.98959633791094
42.85159105062485 1.0 0.0 100.0
44.85159105062485 1.0 0.0 100.0
46.85159105062485 1.0 0.0 100.0
48.85159105062485 1.0 0.0 100.0
50.85159105062485 1.0 0.0 100.0
52.85159105062485 1.0 0.0 100.0
54.85159105062485 1.0 0.0 100.0
56.85159105062485 1.0 0.0 100.0
58.85159105062485 1.0 0.0 100.0
