#|num|weight|mean|covariance matrix|
|0|1409.3446855158782|262.2463317922026 189.35627354902687 207.9778850943356|33.33900049348206 21.504600545897578 -21.82265056453186 21.504600545897578 24.957481078948817 -16.990297499715783 -21.822650564531862 -16.990297499715787 19.026083078509238|
|1|1850.694294592454|257.7713062452568 182.72929368512573 184.95217168299527|20.82637977160013 1.0588011567419393 4.942365638890644 1.0588011567419375 23.46337440717606 3.228969698568174 4.942365638890644 3.2289696985681746 21.765288868828787|
|2|731.0122510432126|242.995966796999 179.93154533772542 210.40135640806685|13.738568521920948 -18.8748375753905 5.493037576147044 -18.8748375753905 38.08834414453575 -13.11990476789484 5.493037576147045 -13.119904767894841 7.956036294638452|
|3|653.5455271533696|252.84438382020775 205.41947607595955 192.47167074002314|5.238612885824603 1.4895540613883869 -7.070511025144179 1.489554061388386 4.2127498148544245 -5.836695741234491 -7.070511025144179 -5.836695741234491 42.60251910033748|
|4|731.5031660479656|262.9909868446069 175.5004945640616 211.49673196059712|5.305027161516297 1.3871958545020073 -1.673073758250574 1.387195854502007 7.7944163744372865 -2.098941507349891 -1.673073758250574 -2.098941507349891 22.994281999020018|
|5|884.4889921720237|241.0024578204442 175.08433567377864 183.7901427495325|13.575258587278437 10.070379377273758 -0.22319796115745572 10.070379377273758 18.567112967097007 -7.532170323020135 -0.22319796115745572 -7.532170323020134 14.607231438392011|
|6|2014.9488893133755|261.43179026813283 181.57340068796788 199.13719951959524|35.653161356654806 3.763647890619331 0.05431508456091372 3.76364789061933 22.95952322611721 -2.392840890782793 0.054315084560913274 -2.3928408907827925 24.336060525630526|
|7|844.5583815016324|255.2189098657985 172.62253653203436 208.3026024100998|12.309979170775845 0.7264595666202966 -2.933794017018404 0.7264595666202969 6.649536702479161 -1.4384660250144432 -2.9337940170184034 -1.4384660250144434 15.776388826213445|
|8|673.8685619432376|227.44976504291287 190.5713403822631 197.95377622539974|7.125057607371429 4.415324784620832 0.7444597373199695 4.415324784620832 9.353786724936583 0.6861286359244128 0.7444597373199698 0.6861286359244122 10.3509911226643|
|9|1469.8951549908106|268.5314768102474 195.2460875394692 192.31673139447247|14.73988524231621 -6.302411534965021 -1.0277244143376576 -6.30241153496502 16.26439822269227 -2.6565179216703507 -1.0277244143376578 -2.6565179216703507 17.998359619503095|
|10|939.6491636901591|245.34193037924587 188.98584215521825 176.84251550557653|8.698904400114058 -3.2402944346693947 -2.0676136137740566 -3.240294434669396 38.737126314803824 -1.110692885007738 -2.067613613774056 -1.1106928850077382 5.332575939012557|
|11|1091.6472278608753|241.36220736251812 188.31091752064194 199.6692732621165|15.064858089655578 22.66874516237728 -0.6903558437761472 22.66874516237728 54.679002514150234 1.8880084730012674 -0.6903558437761478 1.8880084730012672 4.468221850402213|
|12|944.5086856423194|257.7922316117004 180.53403206392383 172.57448162052438|16.668807629606015 3.8053290244943923 4.116734748412128 3.805329024494392 6.451452517541686 -0.0422501601963563 4.116734748412129 -0.042250160196356745 12.968187686179746|
|13|748.6595462363263|271.8153366643051 184.77477361028346 187.60989631292395|20.503081393919757 4.886328121061021 3.852130148140141 4.886328121061023 11.85780832698764 0.2151418322808122 3.8521301481401404 0.21514183228081185 2.922482213282197|
|14|600.8448945662551|243.45496846627353 171.96745513388612 168.5771599083382|8.898639084949659 -6.855686615992203 -5.177744184009148 -6.855686615992203 11.411347116991028 4.511758186603073 -5.177744184009148 4.511758186603073 7.737206981605951|
|15|479.63834964818057|244.34070461166206 203.0548421554225 204.50922065643712|13.432713125151317 10.715650605879272 -7.980653322432393 10.715650605879272 12.914848998673778 -7.663262938731952 -7.980653322432393 -7.663262938731953 8.989488624472528|
|16|401.0735249742873|276.51698694473566 195.05931789712025 202.58227723402078|14.932043408208171 5.079158343460895 -3.1957654676505687 5.079158343460894 6.829454985070381 3.5262515971786854 -3.195765467650569 3.526251597178685 9.291694658574768|
|17|2144.8107789939804|254.34928725586525 192.20194970792667 194.25040059107|41.13433071247018 -1.0760164138600317 6.216476546912476 -1.0760164138600352 44.22827359716828 -7.489261840865097 6.216476546912476 -7.4892618408650975 7.9740650423192365|
|18|997.2634454072071|262.21130550509815 196.47115052979086 183.69889087372968|6.887977438401395 4.903210770143268 0.7437148907040814 4.903210770143268 24.084784658425374 -0.5155658160633896 0.7437148907040818 -0.5155658160633897 6.662440437651362|
|19|1185.3148219397196|249.9034885578794 172.91569347651017 181.7415379910333|12.85441171066412 3.505198974858276 5.911075483553593 3.505198974858276 14.18154315440065 3.8881606991370594 5.911075483553592 3.888160699137061 16.187866220621657|
|20|514.5813307145312|269.12911846853314 175.5736240130013 197.79035615891428|15.366130481927303 -3.7736227928919686 7.201308563658827 -3.7736227928919686 6.365390971387817 -5.228486393215722 7.201308563658828 -5.228486393215723 8.122288065494613|
|21|1962.0557897170825|237.80643988056946 187.1541543000649 188.17315746857327|7.3348297543109044 -5.332867939702047 -8.39369819882283 -5.332867939702047 29.505767549936166 15.177250651343936 -8.39369819882283 15.177250651343934 44.37070682919109|
|22|649.1944945680266|274.9743543736898 183.433984317315 195.43466260087524|10.163908523223466 2.1204452335281587 6.321759455327985 2.1204452335281596 10.674659305415313 5.65373324146299 6.321759455327987 5.653733241462991 11.697159641495894|
|23|827.1446240016893|255.02942126089482 200.2438259315161 184.83807300751735|9.785227754818978 13.27715082975388 4.901215620392931 13.277150829753882 26.568974254809 8.945036377987288 4.901215620392931 8.945036377987288 7.1936872343068305|
|24|980.9149252427374|249.2388692908821 189.55923743553203 186.15386465291587|11.10908626424439 2.845445153774263 -13.453367533198318 2.845445153774262 9.997020628200985 -8.100964696202025 -13.453367533198318 -8.100964696202025 46.629547314292196|
|25|1884.2405670602243|246.11034160914676 177.47225262018816 198.2288701296615|18.48052094468057 0.7740580952780487 10.44849063113259 0.7740580952780487 12.782191650949578 0.5222587042866893 10.44849063113259 0.5222587042866895 35.22845881318053|
|26|949.029776828899|232.9130813299759 189.40966666912902 206.3509610428723|8.873117357747752 8.177323554910103 -1.150076186904771 8.177323554910103 22.76450100758562 1.457336426430861 -1.150076186904771 1.457336426430861 6.837292008509938|
|27|558.1942245820123|248.64539838215973 179.38914401294872 169.54053724655418|3.7971687058920915 6.228015235515459 -2.81183850393759 6.228015235515459 33.07859075428969 4.743050424622537 -2.8118385039375906 4.743050424622537 10.968080729963901|
|28|710.2933219684269|257.9813050291249 189.39175045920922 173.75803716618532|10.093677317909856 -2.3311907949909805 4.964669379253101 -2.33119079499098 9.624453378962931 -3.8081996808144836 4.9646693792531025 -3.8081996808144836 7.695320903299825|
|29|977.2339841555068|258.3783979148367 171.8637196200928 195.61892743797063|10.825433118747952 -0.11282169815316456 -0.07491975812692697 -0.11282169815316456 17.002363805178224 -9.259084468046407 -0.07491975812692694 -9.259084468046405 14.864948732826225|
|30|994.0063841556403|236.66111216541893 200.07117487198872 195.85188224864618|11.577360169843589 4.533595694409746 -1.0470851629421836 4.533595694409745 14.895770949753066 -0.4310136324875091 -1.0470851629421838 -0.43101363248751 9.768237256363731|
|31|1797.955984529351|248.95869055724495 188.4702345877238 206.11786616230313|24.12376042234565 -11.982631500932609 3.545724913315502 -11.982631500932603 43.655929991511975 -16.43466563260447 3.5457249133155004 -16.43466563260447 16.6246328388688|
|32|1596.8099402828354|272.22571861970454 182.99202614659063 207.81658937927827|16.25450408125448 12.289916319766613 -12.24338159821625 12.289916319766613 29.644228358012572 -12.456368184034485 -12.24338159821625 -12.456368184034488 18.147736220998482|
|33|1171.1249949713942|255.01625884198387 170.8168186823653 172.58004236360512|13.928866117030529 5.004925628050989 8.9906949954236 5.004925628050989 13.81560338757175 3.4638138021284295 8.9906949954236 3.4638138021284286 14.920259100368847|
|34|1194.314219206848|244.44351544763606 199.7719359401253 186.84053513364339|9.851432317087719 6.5786358191476815 3.4842778764438225 6.57863581914768 18.851705407945868 9.200785223200796 3.4842778764438225 9.200785223200798 18.812418955717412|
|35|776.134430382377|229.73683429428334 184.48650867248685 196.3036284956151|5.059908428837796 0.8094583808776945 -11.07023168841403 0.8094583808776945 7.285112299665344 -10.390691865019072 -11.07023168841403 -10.390691865019072 45.75863121022865|
|36|890.2023643985845|256.89743574000636 197.4985123517097 203.57940440722058|11.53891848079408 6.31437095878741 -5.510064466916182 6.314370958787411 14.784041803244246 -7.336166386431301 -5.510064466916184 -7.336166386431302 11.435121608274809|
