#|num|weight|mean|covariance matrix|
|0|1296.8293471524926|177.32596535119205 226.40873898712573 182.25811529347112|13.793068644613783 -6.610969476712373 8.753248077111765 -6.6109694767123734 16.352680699440437 -6.551029891664527 8.753248077111763 -6.551029891664527 27.161744585479727|
|1|1246.6702627765476|187.58430993730343 244.4168606018628 180.34562117620828|42.28774314444954 -21.25510128298999 9.902507670731378 -21.255101282989994 25.92115168628923 -5.330861490722205 9.902507670731378 -5.330861490722203 6.993071910602598|
|2|910.3697274785026|203.98593453273597 237.36892899262168 181.25872238092938|8.246398807708312 -1.633213144247207 3.6098522756766607 -1.633213144247207 10.240532224521523 -7.8442706805962175 3.6098522756766607 -7.844270680596219 25.854022736824916|
|3|927.4197135492855|178.43807139390628 229.82704345750886 212.0325528589928|13.145298964021624 -5.421307654160604 -4.989395606556565 -5.421307654160604 12.571657241820693 4.271982586747699 -4.989395606556566 4.271982586747699 8.327413369316062|
|4|731.4260011162431|171.04585524948192 240.03312006482582 165.57369835236415|7.53889152380369 3.1099108740002075 2.816795242862486 3.1099108740002075 9.440999704815312 3.7179075689385828 2.816795242862487 3.7179075689385845 12.592939918698061|
|5|1153.4213274957083|193.68155211462548 216.2401774928598 172.95328989985362|22.714084167125158 19.220853624568807 -7.975665691723463 19.220853624568807 25.723458733687952 -7.784207671117704 -7.975665691723465 -7.784207671117707 8.466568476153316|
|6|1317.4230032054577|191.256003155001 233.2889809052988 186.7507191301529|21.888868064029715 3.7027816759768686 -4.29280712947967 3.7027816759768686 16.444018534524258 3.2334455488777536 -4.29280712947967 3.2334455488777545 14.274718522172194|
|7|909.57494222427|183.63847462542267 240.43454518306748 207.80200707018372|8.790022507416808 -0.474298083351135 2.306634508953918 -0.474298083351135 21.625311218188447 -4.41613095785162 2.306634508953918 -4.416130957851621 5.547002776350082|
|8|1401.8162313134494|181.93381562364593 237.95671266896835 167.48911749803173|13.689843953484289 12.006727115953051 0.7392449439845761 12.006727115953051 33.379110440486784 5.957833774439445 0.7392449439845761 5.957833774439447 7.71703206070402|
|9|749.0266959056843|173.2787065612478 245.91179134952742 177.52206569824006|18.7019404581367 -13.069397525256845 3.0343220373823447 -13.069397525256845 15.95462556999854 -1.1444978513576873 3.0343220373823447 -1.1444978513576867 8.315815154109536|
|10|1012.3233890192706|194.4233549674387 239.26412769137127 193.05471574488266|24.31958599439645 0.501667244473845 -8.678589054199627 0.501667244473845 17.504198017068315 -7.710662985849142 -8.678589054199627 -7.710662985849142 10.862164252728924|
|11|1553.9823546501289|176.450870672073 251.31751409865785 168.32684821489727|23.134413697493546 12.57976583995966 4.838711316610384 12.579765839959663 22.417643084551642 9.848424854178527 4.838711316610383 9.848424854178528 12.226537992571227|
|12|938.8619903638493|170.63972489656368 230.7231350565687 170.07542888854678|7.219550018770014 -4.353164769980098 0.2313508635162913 -4.353164769980099 28.2072898365168 5.13577552551838 0.23135086351629175 5.13577552551838 6.698920318364251|
|13|1392.7548136633056|190.25217945736338 232.27438110562375 171.29868115556243|9.005635022984254 3.8890090276352183 -0.5757137157568724 3.8890090276352183 47.83965426311659 -2.4830520770193836 -0.5757137157568724 -2.4830520770193836 8.335451781136614|
|14|1207.5909901209216|176.46887985302848 232.44781626899905 198.10957348440795|12.875466283493417 3.5387613332068613 -3.2296473533402548 3.5387613332068617 12.687662096595961 -6.2991635010733855 -3.2296473533402548 -6.2991635010733855 17.596900546071282|
|15|1517.0119552840847|191.84480901692243 222.820878991837 192.0041473765833|16.40607839945047 1.0075953190998341 -0.008149211235017884 1.0075953190998341 7.973617267025864 4.893758430671218 -0.008149211235017773 4.893758430671218 26.544063508559102|
|16|1107.5891174210649|178.80538622845444 255.90707383450047 183.25312756688547|13.63032372728739 3.389397490030213 3.91577993617341 3.389397490030213 10.098670763450428 -0.2108611275682879 3.9157799361734096 -0.210861127568287 14.007308204143065|
|17|706.6597067372267|196.5439294855179 243.38907341570814 174.44047408221465|7.403172427066156 2.3009820299777135 3.107091659258896 2.300982029977714 9.038153524470305 3.466050275848041 3.1070916592588946 3.4660502758480405 15.7563599115909|
|18|944.880542553511|173.5707464631878 240.14423347207799 185.36597262597846|14.886480658332202 -1.1844372654797137 6.303179878556526 -1.184437265479714 14.336210412812516 -7.154935264191898 6.303179878556527 -7.154935264191898 11.783347554529264|
|19|1785.9548310329874|201.69461743943168 221.96300060023452 181.93378748127344|19.189629721155885 14.462172144446011 -0.2095447484394839 14.462172144446011 29.95000907174589 3.8317752854955005 -0.209544748439483 3.8317752854955005 12.55981655944481|
|20|1199.3727991754758|182.6230434675379 234.37047320994787 181.3671581637407|17.98264713140403 1.4668909646579622 -1.0881939350542869 1.466890964657964 17.345600532898313 2.837895059693948 -1.088193935054287 2.8378950596939476 10.531343626200156|
|21|772.6074214031486|171.8710775408987 237.2268721766322 178.02222186802516|31.512379418359046 9.788499307854726 -13.199083841556291 9.788499307854726 9.458822472848437 -7.227964593071736 -13.19908384155629 -7.227964593071736 10.422063557899627|
|22|847.9520098848631|195.3701298220506 249.9334474405891 190.11722507431207|19.08527993849029 5.7520841760743044 -1.398591251990068 5.752084176074304 7.4246622721055635 -2.1226731296388097 -1.3985912519900676 -2.1226731296388093 7.341999219389077|
|23|898.0802177780987|179.89417978448157 223.3051860544599 195.82080757861672|13.112487032194023 7.8371148247021 0.9583780250567866 7.8371148247021 17.252215319113272 -5.023973108080169 0.958378025056787 -5.023973108080169 8.821289631258486|
|24|1216.7438655523558|189.80664178067104 232.18928008318895 201.79249497897837|26.27826267893396 13.621456297231148 -3.9758256103289367 13.621456297231148 21.570661133606162 0.051498217367003774 -3.975825610328936 0.05149821736700355 5.791075885065574|
|25|987.851022826212|180.96037148652238 225.2884607572143 171.7014729814363|18.378095449754177 -3.362821703636122 2.0487144879601873 -3.362821703636123 15.990332250064787 4.515357047886505 2.048714487960188 4.515357047886505 8.306982808240997|
|26|1785.3183271956825|182.2643694370396 244.15569392663357 191.3676550043289|16.82218515326979 -0.2713558007955379 -1.3005512487596198 -0.27135580079553845 25.04973817405567 -14.848746465453576 -1.3005512487596196 -14.848746465453575 30.440524941856758|
|27|1125.7302865322638|174.35997118959344 239.28455152240872 205.24830705837087|13.03899017400148 6.151740519629989 -5.526581691356129 6.151740519629989 12.654341516766527 -8.780379495635879 -5.526581691356129 -8.780379495635879 18.74609936936986|
|28|800.6484561012422|200.9108377110617 231.03365040061567 193.2402613721383|7.211608838095225 3.6580908827046374 0.8609424863667814 3.658090882704636 7.605262073057984 3.2565724818028063 0.8609424863667811 3.2565724818028063 26.14301942468521|
|29|1005.0861364239581|188.3771131047572 222.7841643817063 180.2996346376329|28.413170568266573 15.830515015913763 -7.645610500100636 15.830515015913763 18.732271336094954 -2.1805471242410754 -7.645610500100635 -2.180547124241076 6.694708321300987|
|30|923.8996025290757|189.54309268814214 245.4123375855904 201.48953167067995|20.861372046136307 -3.4443441018093615 5.590409696625156 -3.4443441018093606 7.719990813811787 -3.3691373354135976 5.590409696625156 -3.3691373354135967 7.493080447344474|
|31|794.89108400948|200.74491152550775 231.46280929382158 173.78331465184436|18.18288033545944 6.852049796402884 -5.610187082140621 6.852049796402884 13.046733679672396 -1.511177440451252 -5.610187082140621 -1.5111774404512515 5.189699772370151|
|32|1042.2041769632308|192.33296161355932 211.95768928460834 183.89634445600166|14.094059365755111 -1.491752944399737 3.669468278091617 -1.491752944399738 7.802736154265964 6.25926163710203 3.669468278091617 6.25926163710203 15.785913871498495|
|33|754.0044545271567|188.7632550491581 251.98856444122404 171.74092063613503|8.673290535766405 5.755484158252742 6.064542982697036 5.755484158252741 11.954967822157078 4.121728923841018 6.064542982697037 4.121728923841019 12.180418081114134|
|34|1106.176317114208|191.80936663430566 253.49652365860007 182.03407638498166|19.967530234759998 -6.632455948508751 1.714788431056117 -6.632455948508751 13.172425168653549 4.213556316266198 1.714788431056117 4.213556316266198 11.739944053783406|
|35|408.3255636957902|184.93109763081546 261.096950444491 171.02345976762464|15.554279590223905 5.855405373935967 -7.982942849280725 5.855405373935967 2.7358025811447004 -2.941865284333919 -7.982942849280725 -2.941865284333919 9.472274943712073|
|36|750.2230152231841|204.0757518897581 244.80792609232822 187.47877289997683|9.278578665347954 1.675076232209631 -2.994534973484705 1.675076232209631 8.081016223949298 -1.3896643229352432 -2.994534973484705 -1.3896643229352432 9.938144624982924|
