#|num|weight|mean|covariance matrix|
|0|1348.2694901055743|401.50290684883396 94.17187664646617 312.9391546633413|18.773076250769194 -1.9800001059407784 -8.74231186450679 -1.9800001059407784 13.157027473166874 4.179769721955421 -8.74231186450679 4.179769721955422 23.824682746054506|
|1|1192.2474818134199|389.856479168136 78.33999258667825 315.7200293188803|13.865440505883878 2.674207073266144 -0.9545429180670575 2.674207073266144 7.841961669501151 -1.1878201566061843 -0.9545429180670579 -1.187820156606184 21.61072978530079|
|2|1326.3125866586693|415.4847932734864 100.61617945109285 314.0745041750947|17.83643735136595 -8.033156470348223 3.3467556585440317 -8.033156470348224 10.41296035937659 -0.1794948231968876 3.3467556585440303 -0.17949482319688703 22.582665055818172|
|3|1138.9778874043636|399.95032548471977 94.69609223437593 327.26763487871597|12.952232935807753 -2.6292553062825896 -3.795518166913153 -2.6292553062825905 12.409085588873602 0.1321110983305953 -3.795518166913153 0.13211109833059576 11.941026922882685|
|4|715.8143116614015|408.7869889282955 110.79229048429357 313.1605697770979|8.30205059571156 5.536099932239936 -2.585975232976248 5.536099932239937 11.37730918936124 -5.881584385914006 -2.5859752329762484 -5.881584385914007 10.523193689323662|
|5|1520.1110002955409|408.6121396297238 82.43709815716306 307.01224745153155|8.827363974072288 0.009768833175897662 -0.5461258067657887 0.009768833175897662 7.778363377688271 2.1804766641877165 -0.5461258067657887 2.1804766641877165 33.91540556964898|
|6|653.6258479637931|383.46321389204763 73.02963030013832 306.2276755999664|4.5344694542821795 1.210617673071744 9.075445074538186 1.2106176730717437 4.455563003061472 -1.1123392322302135 9.075445074538186 -1.1123392322302137 36.556122681446595|
|7|1840.2407145997356|395.21806825426273 87.19913040444753 318.46738170802803|23.75124002757538 -0.17577537374751945 1.2689403568812248 -0.17577537374751948 9.667066129543988 2.6022882637773197 1.2689403568812239 2.602288263777319 28.52160597377802|
|8|836.1970565105921|407.6362329058353 100.31179425877455 321.1777603815618|15.39005885700957 -3.6918312662393395 1.8263108172895741 -3.691831266239341 6.980701348709841 0.6478964504394074 1.8263108172895741 0.647896450439407 8.04135965855686|
|9|864.6183539508874|374.74232140334516 78.71185204657542 316.930504287679|21.103447283869883 5.922259923757524 -8.27190844643563 5.922259923757525 11.83778381625616 -6.402808653933816 -8.271908446435631 -6.402808653933817 9.920358143480371|
|10|1108.3237763266193|410.2068384166461 111.6814551188301 300.5709511232178|8.547840285740373 3.106662046772224 5.9056176403834755 3.1066620467722244 11.34474288383548 6.067029213303854 5.9056176403834755 6.067029213303855 17.58250665189712|
|11|1103.6213234744596|400.0506638790192 85.12545279093993 306.0139739491872|12.137031646718718 2.6326011638061058 2.790653889062844 2.6326011638061066 13.195287835453044 -7.710102763123976 2.7906538890628436 -7.710102763123975 22.032920474393524|
|12|1094.0108208513072|401.2724748956924 103.95299385944418 309.34831774965|14.468161141067064 2.1427206474113794 -1.544789408758301 2.1427206474113794 13.70008934831378 0.009806279828826314 -1.544789408758301 0.009806279828826314 8.24839660777862|
|13|1581.767313274669|385.62939704816574 90.38040206354026 310.1322608961831|10.664895168405923 -3.9788109352010155 -2.162455043138862 -3.978810935201015 32.34347612071092 5.607428076709617 -2.1624550431388605 5.607428076709615 11.064703862280368|
|14|636.4541972782642|407.7083761320595 87.82496011793887 323.1194935078348|16.140101897209952 -17.957042559586657 3.909229295387419 -17.957042559586657 27.63446244057425 -8.946004415971862 3.9092292953874175 -8.94600441597186 12.321806144184189|
|15|442.5725788607334|409.91249041414073 98.40746843235212 300.1560652911602|4.986690523136439 -2.0332166005741117 1.2445021461189598 -2.0332166005741112 10.401789738667254 -0.7659653655591365 1.2445021461189598 -0.7659653655591364 3.735963934205913|
|16|1370.6681589700672|383.9956316826471 83.15631397226036 321.4060998074604|19.88472246732312 6.063067414788042 8.423936597064737 6.063067414788041 15.58233873274429 -1.2318130744122646 8.423936597064737 -1.2318130744122637 13.677932685639146|
